%topic distributions for 50 bills

y = [ 0.00042445 0.00042445 0.00042445 0.085314 0.91299 0.00042445 ; 0.019215 0.00021115 0.095228 0.00021115 0.076225 0.80891 ; 0.13118 9.2971e-05 0.0038118 9.2971e-05 0.26413 0.60069 ; 0.34274 0.012225 0.069574 0.025807 0.036372 0.51328 ; 0.25315 4.2326e-05 0.019936 0.5761 0.0017354 0.14903 ; 0.0019011 0.0019011 0.0019011 0.0019011 0.95247 0.039924 ; 0.05349 0.00037936 0.042109 0.00037936 0.89947 0.004173 ; 0.12544 0.0017668 0.0017668 0.019435 0.84982 0.0017668 ; 0.00055991 0.00055991 0.00055991 0.43729 0.56047 0.00055991 ; 0.00044131 0.00044131 0.00044131 0.00044131 0.99779 0.00044131 ; 0.00029976 0.015288 0.015288 0.00029976 0.93255 0.036271 ; 0.00040552 0.0044607 0.085564 0.053122 0.52758 0.32887 ; 0.007763 0.24175 0.00010934 0.315 0.040564 0.39482 ; 0.032248 6.0731e-05 0.094801 0.62256 0.015244 0.23509 ; 0.88337 0.0019587 0.00017806 0.11414 0.00017806 0.00017806 ; 0.35651 0.00013448 0.028375 0.22337 0.39147 0.00013448 ; 0.66424 0.00080906 0.065534 0.00080906 0.2678 0.00080906 ; 0.44799 0.019161 0.00091241 0.00091241 0.53011 0.00091241 ; 0.28288 0.00026413 0.00026413 0.0029054 0.48098 0.2327 ; 0.10462 4.1831e-05 0.14394 0.033925 0.046055 0.67142 ; 0.32012 0.00042626 0.00042626 0.043052 0.63555 0.00042626 ; 0.00029976 0.70474 0.00029976 0.060252 0.20414 0.030276 ; 0.47264 0.00044131 0.00044131 0.00044131 0.52118 0.0048544 ; 0.99919 0.00016271 0.00016271 0.00016271 0.00016271 0.00016271 ; 0.044455 0.00016404 0.042815 0.0018045 0.52838 0.38238 ; 0.1369 0.00085034 0.00085034 0.00085034 0.85969 0.00085034 ; 0.18404 0.0099313 0.1166 0.26618 0.0062531 0.41699 ; 0.023007 0.00032404 0.00032404 0.5674 0.40862 0.00032404 ; 0.39867 0.067235 0.00094697 0.010417 0.4839 0.038826 ; 0.78663 1.8276e-05 1.8276e-05 0.21202 1.8276e-05 0.0012976 ; 0.99883 0.00023441 0.00023441 0.00023441 0.00023441 0.00023441 ; 0.61554 0.0087282 0.00041563 0.21654 0.15835 0.00041563 ; 0.00069156 0.00069156 0.076763 0.48479 0.41563 0.021438 ; 0.87082 0.00014934 0.028524 0.00014934 0.10021 0.00014934 ; 0.012202 0.5068 9.3145e-05 0.014996 0.44346 0.022448 ; 0.00025342 0.00025342 0.00025342 0.22326 0.65915 0.11683 ; 0.065534 0.00080906 0.00080906 0.00080906 0.53479 0.39725 ; 0.00035014 0.00035014 0.48004 0.042367 0.27346 0.20343 ; 0.082538 0.00068213 0.00068213 0.014325 0.62824 0.27353 ; 0.00085034 0.00085034 0.00085034 0.00085034 0.99575 0.00085034 ; 0.00092937 0.00092937 0.00092937 0.065985 0.921 0.010223 ; 0.00014501 0.0059455 0.018997 0.011746 0.15241 0.81076 ; 0.13301 0.00069638 0.10515 0.0076602 0.52298 0.2305 ; 0.014165 5.4271e-05 0.08526 0.21008 0.016336 0.6741 ; 0.38419 0.0083742 0.49449 0.00020425 0.014502 0.098243 ; 4.3887e-05 4.3887e-05 0.024182 0.97564 4.3887e-05 4.3887e-05 ; 0.00021026 0.00021026 0.00021026 0.87279 0.12426 0.0023129 ; 0.061059 0.032692 0.005635 0.029377 0.00085565 0.87038 ; 0.17751 0.047398 0.00092937 0.00092937 0.75372 0.019517 ; 0.00044924 0.013926 0.00044924 0.00044924 0.89443 0.090296 ; ];
bar(y, 'group', 'BarWidth', 1)
title('Topic Distributions for 50 bills');
xlabel('Bill Number');
%xmin, xmax, ymin, ymax
axis([0,51,0,1.01])
ylabel('Probability(Topic | Document)');
legend('Topic 1', 'Topic 2', 'Topic 3', 'Topic 4', 'Topic 5');