0.0047619,0.065368,0.0047619,0.0004329,0.0004329,0.86623,0.0004329,0.0004329,0.0004329,0.05671
0.0049327,0.00044843,0.00044843,0.00044843,0.0049327,0.987,0.00044843,0.00044843,0.00044843,0.00044843
0.00034722,0.00034722,0.066319,0.00034722,0.00034722,0.90312,0.00034722,0.0072917,0.00034722,0.021181
0.0014706,0.0014706,0.0014706,0.17794,0.0014706,0.78088,0.016176,0.016176,0.0014706,0.0014706
0.00033784,0.013851,0.00033784,0.00033784,0.00033784,0.98345,0.00033784,0.00033784,0.00033784,0.00033784
0.00043478,0.00043478,0.00043478,0.00043478,0.00043478,0.048261,0.00043478,0.73522,0.00043478,0.21348
0.045806,0.00064516,0.026452,0.00064516,0.00064516,0.92323,0.00064516,0.00064516,0.00064516,0.00064516
0.72029,0.005314,0.00048309,0.077778,0.005314,0.16957,0.00048309,0.019807,0.00048309,0.00048309
0.00050251,0.010553,0.00050251,0.00050251,0.24171,0.33216,0.00050251,0.00050251,0.065829,0.34724
0.00023202,0.00023202,0.037355,0.51299,0.00023202,0.00023202,0.00023202,0.00023202,0.00023202,0.44803
0.00021598,0.041253,0.14492,0.00021598,0.00021598,0.086609,0.00021598,0.35011,0.37603,0.00021598
0.00018282,0.00018282,0.08245,0.0093236,0.00018282,0.30366,0.34205,0.00018282,0.15009,0.1117
0.38736,0.00038314,0.36054,0.092337,0.00038314,0.11149,0.00038314,0.00038314,0.04636,0.00038314
7.5637e-06,8.3201e-05,0.027086,0.03707,0.00038575,7.5637e-06,7.5637e-06,0.93526,7.5637e-06,8.3201e-05
0.19806,0.0003876,0.0003876,0.23682,0.0003876,0.058527,0.0003876,0.18256,0.097287,0.22519
0.0026442,0.00024038,0.00024038,0.00024038,0.00024038,0.079567,0.00024038,0.00024038,0.033894,0.88245
0.010033,3.0312e-05,0.027614,0.10036,0.42774,0.00093968,3.0312e-05,0.43319,3.0312e-05,3.0312e-05
0.44124,0.056816,0.13048,0.00093141,0.045809,8.4674e-05,8.4674e-05,0.11101,0.046655,0.16689
0.0020736,0.017458,0.14789,0.050234,6.689e-05,6.689e-05,6.689e-05,6.689e-05,0.1887,0.59338
1.4302e-05,0.0018736,0.084253,0.00044336,0.00015732,1.4302e-05,0.012457,0.68008,0.2207,1.4302e-05
9.7087e-05,9.7087e-05,9.7087e-05,9.7087e-05,9.7087e-05,0.51563,0.18553,0.29816,9.7087e-05,9.7087e-05
0.00016835,0.65168,0.00016835,0.1803,0.00016835,0.00016835,0.00016835,0.011953,0.032155,0.12306
0.013781,0.012642,0.022893,0.0012528,0.0001139,0.77232,0.0001139,0.0080866,0.16868,0.0001139
0.20183,0.00060976,0.00060976,0.00060976,0.00060976,0.63476,0.00060976,0.00060976,0.00060976,0.15915
0.00019531,0.30488,0.00019531,0.062695,0.00019531,0.15254,0.072461,0.00019531,0.19355,0.21309
0.37498,7.3801e-05,0.28863,0.05321,0.022952,7.3801e-05,7.3801e-05,0.015572,0.24435,7.3801e-05
0.00013004,0.00013004,0.85969,0.13927,0.00013004,0.00013004,0.00013004,0.00013004,0.00013004,0.00013004
0.11875,0.0076389,0.00069444,0.00069444,0.00069444,0.79931,0.00069444,0.0076389,0.063194,0.00069444
0.14917,0.14504,0.070661,0.19876,0.00041322,0.4219,0.00041322,0.00041322,0.00041322,0.01281
0.00066225,0.12649,0.00066225,0.18609,0.00066225,0.12649,0.00066225,0.25232,0.10662,0.19934
0.00016287,0.0017915,0.047394,0.30635,0.00016287,0.0017915,0.0099349,0.52296,0.0099349,0.099511
0.00017185,1.5623e-05,1.5623e-05,0.87597,0.018294,1.5623e-05,0.0034526,0.0090767,1.5623e-05,0.09297
0.25367,0.087,0.00033333,0.050333,0.00033333,0.41367,0.00033333,0.13033,0.063667,0.00033333
0.00011364,0.00011364,0.12284,0.35239,0.01375,0.00011364,0.0057955,0.00125,0.00011364,0.50352
0.084091,0.00075758,0.00075758,0.00075758,0.061364,0.84924,0.00075758,0.00075758,0.00075758,0.00075758
7.0323e-05,7.0323e-05,0.14986,0.017651,0.081646,0.00218,0.31512,7.0323e-05,0.3538,0.079536
0.25939,0.01066,0.4269,0.086802,0.00050761,0.10711,0.01066,0.01066,0.00050761,0.086802
0.10863,0.00071942,0.0079137,0.00071942,0.00071942,0.86403,0.00071942,0.00071942,0.00071942,0.015108
0.01477,0.00024213,0.31743,0.0026634,0.022034,0.46513,0.00024213,0.00024213,0.00024213,0.177
0.12936,0.00091743,0.00091743,0.00091743,0.00091743,0.79908,0.00091743,0.00091743,0.00091743,0.065138
0.00092186,4.3898e-05,0.19759,0.076866,4.3898e-05,4.3898e-05,0.49478,0.0061896,0.072915,0.15061
0.00044053,0.00044053,0.137,0.057709,0.00044053,0.39251,0.3,0.00044053,0.022467,0.088546
0.00046083,0.018894,0.00046083,0.00046083,0.014286,0.96359,0.00046083,0.00046083,0.00046083,0.00046083
0.00017153,0.00017153,0.05506,0.0018868,0.00017153,0.8578,0.00017153,0.013894,0.029331,0.041338
0.0014925,0.0014925,0.0014925,0.0014925,0.0014925,0.95672,0.031343,0.0014925,0.0014925,0.0014925
0.0017544,0.0017544,0.0017544,0.0017544,0.019298,0.63333,0.0017544,0.31754,0.0017544,0.019298
0.0013333,0.0013333,0.0013333,0.054667,0.0013333,0.89467,0.0013333,0.0013333,0.0013333,0.041333
0.0015873,0.0015873,0.0015873,0.0015873,0.0015873,0.90635,0.0015873,0.080952,0.0015873,0.0015873
0.0016667,0.0016667,0.0016667,0.0016667,0.0016667,0.65167,0.0016667,0.30167,0.035,0.0016667
0.0030303,0.0030303,0.0030303,0.0030303,0.0030303,0.94242,0.0030303,0.033333,0.0030303,0.0030303
0.0018868,0.0018868,0.0018868,0.0018868,0.0018868,0.98302,0.0018868,0.0018868,0.0018868,0.0018868
0.00042735,0.00042735,0.068803,0.00042735,0.0047009,0.67991,0.00042735,0.00042735,0.00042735,0.24402
0.017188,0.0015625,0.0015625,0.0015625,0.0015625,0.97031,0.0015625,0.0015625,0.0015625,0.0015625
0.00055249,0.00055249,0.00055249,0.028177,0.00055249,0.85691,0.066851,0.00055249,0.00055249,0.044751
0.0011494,0.0011494,0.058621,0.0011494,0.0011494,0.73678,0.0011494,0.0011494,0.012644,0.18506
0.00088496,0.00088496,0.00088496,0.0097345,0.00088496,0.98319,0.00088496,0.00088496,0.00088496,0.00088496
0.0022727,0.0022727,0.13864,0.0022727,0.0022727,0.84318,0.0022727,0.0022727,0.0022727,0.0022727
0.00030488,0.030793,0.00030488,0.058232,0.00030488,0.83567,0.00030488,0.073476,0.00030488,0.00030488
0.10548,0.00045662,0.027854,0.036986,0.00045662,0.73105,0.00045662,0.096347,0.00045662,0.00045662
0.0020408,0.0020408,0.0020408,0.0020408,0.0020408,0.81837,0.0020408,0.16531,0.0020408,0.0020408
0.0004,0.0004,0.0004,0.0444,0.0204,0.9284,0.0004,0.0004,0.0004,0.0044
0.00044444,0.00044444,0.00044444,0.00044444,0.00044444,0.93378,0.00044444,0.00044444,0.058222,0.0048889
0.0011236,0.0011236,0.0011236,0.091011,0.068539,0.32697,0.0011236,0.0011236,0.50674,0.0011236
0.00042553,0.00042553,0.00042553,0.40043,0.00042553,0.06,0.0089362,0.00042553,0.00042553,0.52809
0.00014903,0.0090909,0.00014903,0.15663,0.00014903,0.59031,0.091058,0.15216,0.00014903,0.00014903
0.00020661,0.00020661,0.00020661,0.00020661,0.45269,0.00020661,0.00020661,0.23368,0.23368,0.078719
1.3611e-05,0.0084524,0.08658,0.0055941,0.0034164,0.012808,1.3611e-05,0.18893,0.69404,0.00014972
0.50567,0.00051546,0.021134,0.00051546,0.00051546,0.077835,0.00051546,0.26856,0.00051546,0.12423
0.51944,0.00092593,0.028704,0.047222,0.00092593,0.28796,0.11204,0.00092593,0.00092593,0.00092593
0.32788,0.00096154,0.010577,0.00096154,0.00096154,0.65481,0.00096154,0.00096154,0.00096154,0.00096154
0.22982,0.0017544,0.0017544,0.054386,0.036842,0.63333,0.0017544,0.036842,0.0017544,0.0017544
0.37896,0.00016835,0.25943,0.043939,0.00016835,0.030471,0.0069024,0.21734,0.00016835,0.062458
0.52818,0.00090909,0.00090909,0.01,0.01,0.34636,0.00090909,0.00090909,0.091818,0.01
0.44531,0.00040816,0.18816,0.00040816,0.069796,0.29429,0.00040816,0.00040816,0.00040816,0.00040816
0.00093458,0.038318,0.01028,0.00093458,0.00093458,0.54299,0.00093458,0.28131,0.085047,0.038318
0.00043103,0.00043103,0.12974,0.00043103,0.0090517,0.85388,0.00043103,0.0047414,0.00043103,0.00043103
0.082566,0.00032895,0.0036184,0.00032895,0.00032895,0.83257,0.00032895,0.079276,0.00032895,0.00032895
0.054301,0.00053763,0.00053763,0.005914,0.00053763,0.93602,0.00053763,0.00053763,0.00053763,0.00053763
0.00060976,0.00060976,0.00060976,0.00060976,0.0067073,0.98841,0.00060976,0.00060976,0.00060976,0.00060976
0.00064935,0.00064935,0.00064935,0.00064935,0.013636,0.98117,0.00064935,0.00064935,0.00064935,0.00064935
0.00057803,0.00057803,0.00057803,0.00057803,0.0063584,0.20289,0.00057803,0.00057803,0.00057803,0.78671
0.00047393,0.066825,0.00047393,0.0099526,0.00047393,0.70664,0.00047393,0.00047393,0.19005,0.024171
0.00055556,0.00055556,0.067222,0.00055556,0.00055556,0.48389,0.00055556,0.00055556,0.445,0.00055556
0.00090909,0.01,0.01,0.11,0.00090909,0.30091,0.00090909,0.30091,0.01,0.25545
0.00053763,0.00053763,0.00053763,0.01129,0.00053763,0.29624,0.00053763,0.00053763,0.00053763,0.68871
0.00038168,0.00038168,0.030916,0.00038168,0.00038168,0.90878,0.019466,0.00038168,0.00038168,0.03855
0.00042373,0.00042373,0.00042373,0.00042373,0.00042373,0.97076,0.004661,0.00042373,0.00042373,0.02161
0.00035587,0.053737,0.00035587,0.00035587,0.00035587,0.88292,0.0074733,0.00035587,0.011032,0.04306
0.01553,0.00037879,0.00037879,0.0041667,0.18977,0.78826,0.00037879,0.00037879,0.00037879,0.00037879
0.0003413,0.041297,0.013993,0.0003413,0.0071672,0.90478,0.0003413,0.0003413,0.0037543,0.027645
0.00045249,0.00045249,0.00045249,0.00045249,0.00045249,0.99593,0.00045249,0.00045249,0.00045249,0.00045249
0.00053763,0.00053763,0.048925,0.00053763,0.00053763,0.87688,0.00053763,0.00053763,0.00053763,0.07043
0.00017212,0.00017212,0.11549,0.00017212,0.00017212,0.77814,0.008778,0.00017212,0.0070568,0.089673
0.00044248,0.00044248,0.00044248,0.00044248,0.00044248,0.99159,0.00044248,0.0048673,0.00044248,0.00044248
0.00059172,0.33787,0.012426,0.00059172,0.053846,0.58047,0.012426,0.00059172,0.00059172,0.00059172
0.042898,0.00028409,0.023011,0.00028409,0.00028409,0.90085,0.0059659,0.00028409,0.025852,0.00028409
0.00625,0.00029762,0.00029762,0.00029762,0.00625,0.73542,0.00029762,0.027083,0.00029762,0.22351
0.00035587,0.0074733,0.00035587,0.00035587,0.00035587,0.98968,0.00035587,0.00035587,0.00035587,0.00035587
0.275,0.00022523,0.00022523,0.00022523,0.00022523,0.7232,0.00022523,0.00022523,0.00022523,0.00022523
0.00041152,0.0045267,0.00041152,0.00041152,0.033333,0.86461,0.00041152,0.025103,0.00041152,0.07037
0.00030864,0.00030864,0.00030864,0.00030864,0.040432,0.93549,0.00030864,0.021914,0.00030864,0.00030864
0.00023585,0.00023585,0.0875,0.00023585,0.085142,0.81863,0.00023585,0.0049528,0.0025943,0.00023585
0.00053476,0.00053476,0.01123,0.01123,0.00053476,0.46578,0.00053476,0.00053476,0.00053476,0.50856
0.13022,0.00071942,0.00071942,0.00071942,0.00071942,0.80647,0.00071942,0.00071942,0.00071942,0.058273
0.02089,0.00034247,0.024315,0.00034247,0.00034247,0.90103,0.00034247,0.00034247,0.00034247,0.051712
0.00050251,0.32211,0.00050251,0.020603,0.00050251,0.52814,0.00050251,0.00050251,0.00050251,0.12613
3.1496e-05,3.1496e-05,3.1496e-05,0.026803,0.057669,0.043496,0.18806,0.6835,3.1496e-05,0.00034646
0.00025189,0.0027708,0.00025189,0.0052897,0.14383,0.84156,0.00025189,0.0052897,0.00025189,0.00025189
0.00077519,0.00077519,0.00077519,0.070543,0.00077519,0.54341,0.00077519,0.00077519,0.00077519,0.38062
0.0010753,0.011828,0.0010753,0.022581,0.0010753,0.85054,0.0010753,0.0010753,0.0010753,0.1086
0.00042918,0.02618,0.00042918,0.021888,0.030472,0.58841,0.00042918,0.15923,0.1721,0.00042918
0.00042373,0.00042373,0.00042373,0.00042373,0.00042373,0.00042373,0.00042373,0.00042373,0.00042373,0.99619
0.00030581,0.012538,0.00030581,0.38257,0.33364,0.061468,0.00030581,0.00030581,0.064526,0.14404
0.00041322,0.74835,0.070661,0.00041322,0.00041322,0.00041322,0.00041322,0.00041322,0.00041322,0.1781
0.21223,0.00027174,0.030163,0.0029891,0.00027174,0.16875,0.00027174,0.065489,0.13886,0.38071
0.00027174,0.00027174,0.13071,0.17418,0.00027174,0.00027174,0.2856,0.00027174,0.00027174,0.40788
0.0010753,0.0010753,0.0010753,0.61398,0.0010753,0.35591,0.0010753,0.0010753,0.011828,0.011828
0.00070423,0.00070423,0.00070423,0.2331,0.00070423,0.35282,0.014789,0.29648,0.00070423,0.099296
0.039901,0.00049261,0.1335,0.020197,0.28621,0.38966,0.034975,0.094089,0.00049261,0.00049261
0.36797,0.094531,0.0085938,0.00078125,0.00078125,0.19609,0.063281,0.12578,0.14141,0.00078125
0.11349,0.00011338,0.002381,0.00011338,0.014853,0.00011338,0.011451,0.10669,0.43322,0.31757
0.00024466,2.2242e-05,0.91395,0.029827,2.2242e-05,0.0127,2.2242e-05,0.043172,2.2242e-05,2.2242e-05
9.6805e-05,9.6805e-05,0.0088093,0.52575,0.33698,9.6805e-05,0.0010649,9.6805e-05,0.0068732,0.12014
0.0024176,0.026593,0.1233,0.60242,0.00021978,0.057363,0.00021978,0.00021978,0.18703,0.00021978
8.9606e-05,8.9606e-05,0.14435,8.9606e-05,0.58073,0.061022,0.074462,0.016219,8.9606e-05,0.12285
0.39581,0.22198,0.066564,0.00010225,0.00010225,0.038957,0.00010225,0.00010225,0.25368,0.022597
2.8433e-05,2.8433e-05,0.095564,0.023628,0.65172,2.8433e-05,2.8433e-05,0.05263,0.013961,0.16238
0.073745,0.18958,0.0003861,0.11622,0.0003861,0.58726,0.0003861,0.0003861,0.027413,0.0042471
0.00012626,0.0013889,0.92311,0.030429,0.00012626,0.04053,0.0039141,0.00012626,0.00012626,0.00012626
0.10901,0.25351,0.00010471,0.00010471,0.00010471,0.00010471,0.00010471,0.40953,0.22733,0.00010471
6.2383e-05,0.024392,0.048721,6.2383e-05,0.094885,6.2383e-05,0.075546,0.00068621,0.6083,0.14729
0.0022956,0.82984,0.050448,0.0095745,0.064446,0.0090146,5.5991e-05,5.5991e-05,0.0011758,0.033091
0.00016611,0.00016611,0.00016611,0.38721,0.40548,0.071595,0.00016611,0.13306,0.0018272,0.00016611
0.00081301,0.00081301,0.00081301,0.52114,0.00081301,0.00081301,0.00081301,0.00081301,0.00081301,0.47236
5.1706e-05,5.1706e-05,0.00056877,0.060548,5.1706e-05,0.06365,5.1706e-05,0.14018,0.39457,0.34028
0.0030347,0.00014451,0.00014451,0.12876,0.00014451,0.00014451,0.0030347,0.00014451,0.00014451,0.86431
0.0058419,0.00011455,0.00011455,0.16621,0.00011455,0.037915,0.00011455,0.31054,0.017297,0.46174
7.1073e-05,7.1073e-05,7.1073e-05,7.1073e-05,0.89559,0.10384,7.1073e-05,7.1073e-05,7.1073e-05,7.1073e-05
0.00060241,0.00060241,0.00060241,0.00060241,0.63916,0.24759,0.00060241,0.0066265,0.00060241,0.10301
7.8927e-05,0.056906,0.86433,0.00086819,0.0095501,0.047435,0.0048145,7.8927e-05,0.015864,7.8927e-05
0.00018868,0.00018868,0.036038,0.84547,0.037925,0.00018868,0.037925,0.00018868,0.00018868,0.041698
0.000271,0.000271,0.000271,0.97046,0.000271,0.000271,0.000271,0.000271,0.000271,0.027371
0.00019724,0.00019724,0.004142,0.00019724,0.36509,0.18757,0.00019724,0.08501,0.3572,0.00019724
0.26586,0.00034483,0.00034483,0.00034483,0.13138,0.16931,0.12793,0.027931,0.01069,0.26586
0.00040486,0.00040486,0.42551,0.0044534,0.00040486,0.48219,0.00040486,0.048988,0.036842,0.00040486
0.00015552,0.00015552,0.00015552,0.56314,0.0094868,0.0032659,0.00015552,0.00015552,0.00015552,0.42317
0.00012706,0.00012706,0.34701,0.41817,0.1831,0.050953,0.00012706,0.00012706,0.00012706,0.00012706
0.017324,0.00017153,0.00017153,0.010463,0.00017153,0.17684,0.44786,0.00017153,0.20429,0.14254
0.00034364,0.00034364,0.082818,0.8457,0.00034364,0.027835,0.00034364,0.014089,0.027835,0.00034364
0.00024631,0.00024631,0.00024631,0.33768,0.21453,0.074138,0.02734,0.29335,0.05197,0.00024631
0.00013661,0.05888,0.00013661,0.31844,0.027459,0.19959,0.00013661,0.00013661,0.00013661,0.39495
0.02926,0.00011211,0.071861,0.048318,0.00011211,0.32859,0.00011211,0.00011211,0.00011211,0.52141
0.00018622,0.057914,0.15102,0.00018622,0.00018622,0.28696,0.0020484,0.19013,0.31117,0.00018622
0.00042918,0.00042918,0.047639,0.00042918,0.00042918,0.69142,0.00042918,0.004721,0.24506,0.0090129
0.00045455,0.00045455,0.00045455,0.00045455,0.050455,0.65955,0.00045455,0.073182,0.17773,0.036818
0.00076923,0.00076923,0.00076923,0.76231,0.00076923,0.23154,0.00076923,0.00076923,0.00076923,0.00076923
0.39989,0.05477,0.13087,0.00010718,0.00010718,0.039764,0.00010718,0.13944,0.00010718,0.23483
0.00091743,0.00091743,0.010092,0.20275,0.00091743,0.17523,0.00091743,0.00091743,0.00091743,0.60642
0.00026385,0.00026385,0.1876,0.80765,0.00026385,0.00026385,0.0029024,0.00026385,0.00026385,0.00026385
0.001087,0.001087,0.001087,0.001087,0.001087,0.098913,0.011957,0.001087,0.001087,0.88152
0.00081301,0.00081301,0.00081301,0.84634,0.065854,0.082114,0.00081301,0.00081301,0.00081301,0.00081301
0.29952,0.0026128,0.33278,0.00023753,0.0073634,0.15938,0.00023753,0.16176,0.035867,0.00023753
0.00037736,0.00037736,0.0041509,0.00037736,0.56264,0.15509,0.00037736,0.098491,0.17774,0.00037736
0.00018051,0.00018051,0.00018051,0.00018051,0.00018051,0.00018051,0.00018051,0.094043,0.00018051,0.90451
6.6094e-05,6.6094e-05,6.6094e-05,0.041044,6.6094e-05,0.27105,6.6094e-05,6.6094e-05,0.00072703,0.68678
0.00017301,0.00017301,0.00017301,0.15588,0.00017301,0.29083,0.052076,0.00017301,0.50017,0.00017301
0.00043103,0.00043103,0.00043103,0.86681,0.00043103,0.052155,0.00043103,0.00043103,0.078017,0.00043103
0.012644,0.0011494,0.0011494,0.0011494,0.0011494,0.15057,0.0011494,0.0011494,0.0011494,0.82874
0.0011494,0.0011494,0.012644,0.0011494,0.0011494,0.11609,0.0011494,0.0011494,0.0011494,0.86322
0.66584,0.00035587,0.00035587,0.00035587,0.00035587,0.025267,0.00035587,0.00035587,0.00035587,0.30641
0.0009009,0.0009009,0.0009009,0.55045,0.0009009,0.44234,0.0009009,0.0009009,0.0009009,0.0009009
0.42673,0.0009901,0.010891,0.0009901,0.0009901,0.54554,0.0009901,0.010891,0.0009901,0.0009901
1.866e-05,1.866e-05,0.033047,0.011028,0.016813,0.00076507,0.0082291,0.026143,1.866e-05,0.90392
0.00076495,0.12594,0.073783,0.14541,6.9541e-05,6.9541e-05,0.49451,0.013978,0.0056328,0.13985
0.00010537,0.024341,0.081243,0.042255,0.068599,0.040148,0.022234,0.1803,0.0064278,0.53435
0.00013587,0.00013587,0.00013587,0.88193,0.017799,0.00013587,0.00013587,0.028668,0.070788,0.00013587
0.0004329,0.052381,0.0047619,0.3381,0.0004329,0.47662,0.043723,0.0004329,0.0004329,0.082684
0.0010638,0.0010638,0.0010638,0.0010638,0.0010638,0.0010638,0.0010638,0.0010638,0.0010638,0.99043
0.00015129,0.00015129,0.13631,0.33298,0.0077156,0.0016641,0.00015129,0.00015129,0.52057,0.00015129
3.5051e-05,3.5051e-05,0.048756,0.059972,0.039642,0.00073607,0.012653,0.10168,0.0049422,0.73155
0.002965,0.00026954,0.029919,0.00026954,0.00026954,0.50162,0.28059,0.18356,0.00026954,0.00026954
0.016667,0.0087302,0.12778,0.00079365,0.00079365,0.45317,0.00079365,0.00079365,0.00079365,0.38968
0.00053191,0.00053191,0.01117,0.44734,0.00053191,0.14415,0.26649,0.12819,0.00053191,0.00053191
0.0010638,0.0010638,0.0010638,0.0010638,0.011702,0.011702,0.0010638,0.0010638,0.0010638,0.96915
0.00022936,0.00022936,0.00022936,0.31445,0.00022936,0.00022936,0.00022936,0.0048165,0.40849,0.27087
0.0011236,0.0011236,0.0011236,0.0011236,0.0011236,0.0011236,0.0011236,0.0011236,0.0011236,0.98989
0.00033223,0.00033223,0.010299,0.20299,0.00033223,0.2495,0.00033223,0.0036545,0.00033223,0.53189
0.00045872,0.00045872,0.00045872,0.90413,0.0050459,0.069266,0.00045872,0.018807,0.00045872,0.00045872
0.00030211,0.54411,0.00030211,0.069789,0.00030211,0.38399,0.00030211,0.00030211,0.00030211,0.00030211
0.00012469,0.00012469,0.00012469,0.35923,0.18217,0.00012469,0.45773,0.00012469,0.00012469,0.00012469
4.3365e-05,0.00047702,0.09588,0.053382,0.014354,0.036904,4.3365e-05,0.034735,0.76414,4.3365e-05
0.0001297,0.60454,0.071466,0.037743,0.0027237,0.042931,0.063684,0.019585,0.070169,0.08703
0.00019493,0.00019493,0.00019493,0.35887,0.00019493,0.021637,0.00019493,0.00019493,0.53236,0.085965
2.2538e-05,2.2538e-05,0.026392,0.075524,0.00024792,2.2538e-05,2.2538e-05,0.00069867,0.00047329,0.89657
0.0010638,0.27766,0.0010638,0.0010638,0.0010638,0.30957,0.0010638,0.011702,0.0010638,0.39468
5.9916e-05,5.9916e-05,0.21815,0.0012582,0.055183,5.9916e-05,0.044997,0.053984,0.49676,0.12948
0.00026385,0.00026385,0.095251,0.89472,0.00026385,0.00026385,0.00026385,0.0055409,0.00026385,0.0029024
0.43154,0.00076923,0.00076923,0.00076923,0.00076923,0.42385,0.00076923,0.11615,0.00076923,0.023846
2.5661e-05,2.5661e-05,0.046472,0.075212,0.032615,0.00053888,2.5661e-05,0.035181,0.017218,0.79269
0.093277,0.017647,0.00084034,0.37059,0.00084034,0.43782,0.00084034,0.00084034,0.059664,0.017647
0.0046809,0.0089362,0.00042553,0.064255,0.00042553,0.11106,0.0046809,0.0046809,0.00042553,0.80043
0.0009009,0.0009009,0.0009009,0.37928,0.0009009,0.6045,0.0009009,0.0009009,0.0099099,0.0009009
0.0058079,0.0012076,5.7504e-05,5.7504e-05,0.040886,0.0012076,5.7504e-05,0.006958,0.62455,0.31921
0.35504,0.00015038,0.31444,0.12797,0.00015038,0.00015038,0.00015038,0.081353,0.00015038,0.12045
0.00057803,0.00057803,0.00057803,0.4052,0.3185,0.27225,0.00057803,0.00057803,0.00057803,0.00057803
0.00012422,0.00012422,0.85851,0.13677,0.00012422,0.00012422,0.00012422,0.0026087,0.0013665,0.00012422
0.00079365,0.11984,0.016667,0.00079365,0.00079365,0.51667,0.10397,0.23889,0.00079365,0.00079365
0.00040816,0.31878,0.00040816,0.00040816,0.00040816,0.0044898,0.00040816,0.00040816,0.23714,0.43714
0.00059524,0.018452,0.1375,0.00059524,0.00059524,0.2744,0.0125,0.00059524,0.23869,0.31607
0.0001675,0.0001675,0.0001675,0.96499,0.0001675,0.033668,0.0001675,0.0001675,0.0001675,0.0001675
0.31723,0.43723,0.00030769,0.0033846,0.00030769,0.10492,0.00030769,0.00030769,0.13569,0.00030769
0.00086207,0.052586,0.4319,0.0094828,0.043966,0.33707,0.00086207,0.00086207,0.12155,0.00086207
0.00089286,0.045536,0.045536,0.00089286,0.054464,0.61696,0.00089286,0.00089286,0.00089286,0.23304
0.0009009,0.063964,0.0009009,0.0009009,0.10901,0.0009009,0.0009009,0.12703,0.054955,0.64054
0.27143,0.00049261,0.059606,0.00049261,0.0054187,0.00049261,0.00049261,0.25665,0.00049261,0.40443
0.0005848,0.0005848,0.0005848,0.012281,0.023977,0.25205,0.0005848,0.13509,0.57368,0.0005848
0.48717,0.00023753,0.028741,0.16413,0.00023753,0.00023753,0.00023753,0.00023753,0.00023753,0.31853
0.00062893,0.00062893,0.14528,0.48491,0.063522,0.23333,0.00062893,0.063522,0.00062893,0.0069182
0.050208,0.00020833,0.0064583,0.0085417,0.00020833,0.16062,0.00020833,0.064792,0.44396,0.26479
0.00018315,0.00018315,0.02033,0.97821,0.00018315,0.00018315,0.00018315,0.00018315,0.00018315,0.00018315
0.0004386,0.0004386,0.0004386,0.52237,0.0004386,0.45219,0.0004386,0.022368,0.0004386,0.0004386
0.00020704,0.00020704,0.19275,0.00020704,0.039545,0.022981,0.10166,0.00020704,0.34389,0.29834
0.00042735,0.00042735,0.021795,0.0089744,0.00042735,0.32094,0.12863,0.00042735,0.00042735,0.51752
0.00031056,0.00031056,0.16491,0.012733,0.00031056,0.64317,0.0096273,0.00031056,0.00031056,0.16801
0.72266,0.00028329,0.051275,0.00028329,0.028612,0.1051,0.073938,0.00028329,0.01728,0.00028329
0.88665,0.00013351,0.005474,0.00013351,0.00013351,0.10027,0.0068091,0.00013351,0.00013351,0.00013351
0.00015699,0.28587,0.045683,0.00015699,0.00015699,0.3832,0.00015699,0.0095761,0.045683,0.22936
0.00016393,0.00016393,0.00016393,0.044426,0.01,0.03459,0.00016393,0.039508,0.062459,0.80836
0.00079365,0.00079365,0.00079365,0.28651,0.00079365,0.00079365,0.0087302,0.00079365,0.048413,0.65159
0.00015748,0.0080315,0.00015748,0.036378,0.00015748,0.16079,0.69465,0.00015748,0.00015748,0.09937
0.00017391,0.00017391,0.00017391,0.98278,0.00017391,0.0088696,0.0071304,0.00017391,0.00017391,0.00017391
0.0006135,0.10491,0.0006135,0.1908,0.0006135,0.69387,0.0067485,0.0006135,0.0006135,0.0006135
0.0808,0.0008,0.0568,0.2248,0.0008,0.4328,0.0008,0.1768,0.0248,0.0008
0.00077519,0.00077519,0.00077519,0.00077519,0.00077519,0.024031,0.00077519,0.00077519,0.00077519,0.96977
0.00032051,0.5516,0.00032051,0.00032051,0.12212,0.00032051,0.022756,0.00032051,0.064423,0.2375
0.00031153,0.00031153,0.00031153,0.00031153,0.47695,0.00031153,0.00031153,0.00031153,0.00031153,0.52056
0.00040816,0.00040816,0.00040816,0.99224,0.00040816,0.00040816,0.00040816,0.0044898,0.00040816,0.00040816
0.00044843,0.00044843,0.00044843,0.97354,0.00044843,0.00044843,0.00044843,0.02287,0.00044843,0.00044843
0.00062112,0.00062112,0.57826,0.00062112,0.00062112,0.28012,0.00062112,0.00062112,0.00062112,0.13727
5.5928e-05,5.5928e-05,0.0011745,0.00061521,0.55039,5.5928e-05,5.5928e-05,0.0073266,5.5928e-05,0.44021
0.00016639,0.00016639,0.053411,0.0018303,0.00016639,0.46273,0.11165,0.30632,0.063394,0.00016639
9.8814e-05,9.8814e-05,0.56828,0.11176,0.043577,0.045553,9.8814e-05,0.22935,0.001087,9.8814e-05
0.0010638,0.011702,0.0010638,0.0010638,0.0010638,0.0010638,0.0010638,0.0010638,0.0010638,0.97979
0.00095238,0.00095238,0.010476,0.00095238,0.00095238,0.00095238,0.00095238,0.00095238,0.00095238,0.9819
0.0009009,0.0099099,0.0009009,0.0009009,0.0009009,0.0009009,0.0009009,0.0009009,0.0009009,0.98288
0.49264,0.0003876,0.081783,0.0003876,0.0003876,0.11279,0.0003876,0.13605,0.17481,0.0003876
0.00093458,0.00093458,0.00093458,0.00093458,0.00093458,0.00093458,0.00093458,0.00093458,0.00093458,0.99159
0.0010309,0.0010309,0.01134,0.0010309,0.0010309,0.0010309,0.0010309,0.0010309,0.0010309,0.98041
0.0010309,0.0010309,0.0010309,0.01134,0.0010309,0.14536,0.0010309,0.0010309,0.0010309,0.83608
0.011,0.001,0.001,0.001,0.001,0.001,0.001,0.001,0.001,0.981
0.00086207,0.00086207,0.078448,0.00086207,0.00086207,0.0094828,0.018103,0.0094828,0.00086207,0.88017
0.0010989,0.0010989,0.012088,0.0010989,0.0010989,0.012088,0.0010989,0.023077,0.0010989,0.94615
0.0010101,0.0010101,0.0010101,0.0010101,0.0010101,0.0010101,0.0010101,0.0010101,0.0010101,0.99091
0.0017544,0.0017544,0.0017544,0.0017544,0.0017544,0.68596,0.0017544,0.0017544,0.28246,0.019298
0.00012469,0.00012469,0.00012469,0.99763,0.00012469,0.00012469,0.00012469,0.0013716,0.00012469,0.00012469
3.7023e-05,3.7023e-05,3.7023e-05,3.7023e-05,0.99115,3.7023e-05,3.7023e-05,3.7023e-05,3.7023e-05,0.0085524
0.054018,0.51892,0.0041709,0.00010173,0.00010173,0.0031536,0.001119,0.41821,0.00010173,0.00010173
0.00075188,0.00075188,0.00075188,0.86541,0.00075188,0.12857,0.00075188,0.00075188,0.00075188,0.00075188
0.0095349,0.0025581,0.0072093,0.11651,0.1886,0.42814,0.15837,0.00023256,0.00023256,0.088605
9.5147e-05,0.04196,0.0077069,0.022931,9.5147e-05,0.017222,0.023882,0.18754,0.47108,0.2275
0.00012642,0.00012642,0.38445,0.10506,0.048167,0.0013906,0.00012642,0.12276,0.31618,0.021618
0.00018215,0.30619,0.00018215,0.073042,0.00018215,0.00018215,0.029326,0.00018215,0.10219,0.48834
0.0010204,0.0010204,0.0010204,0.0010204,0.0010204,0.0010204,0.0010204,0.0010204,0.021429,0.97041
2.9603e-05,0.050947,0.75166,0.00032564,0.011279,0.00032564,2.9603e-05,2.9603e-05,0.079959,0.10542
0.13227,0.00016722,0.065385,0.00016722,0.00016722,0.00016722,0.021906,0.6908,0.0035117,0.085452
9.0827e-05,9.0827e-05,0.8911,0.086376,0.0055404,9.0827e-05,9.0827e-05,9.0827e-05,9.0827e-05,0.01644
0.00057471,0.00057471,0.00057471,0.31092,0.092529,0.25345,0.00057471,0.00057471,0.00057471,0.33966
0.3915,0.00010246,0.23166,0.00010246,0.061578,0.086168,0.00010246,0.18145,0.023668,0.023668
0.00030581,0.00030581,0.024771,0.27554,0.00030581,0.10428,0.00030581,0.48654,0.00030581,0.10734
0.00015244,0.00015244,0.00015244,0.070274,0.00015244,0.23796,0.059604,0.08247,0.00015244,0.54893
0.00034247,0.25034,0.00034247,0.00034247,0.00034247,0.31541,0.010616,0.0037671,0.00034247,0.41815
0.0005,0.0005,0.0005,0.6105,0.0005,0.2355,0.0005,0.0005,0.0005,0.1505
0.00086207,0.00086207,0.00086207,0.00086207,0.035345,0.30259,0.00086207,0.00086207,0.00086207,0.65603
5.7471e-05,5.7471e-05,5.7471e-05,0.99718,5.7471e-05,5.7471e-05,0.00063218,5.7471e-05,0.0017816,5.7471e-05
0.72036,0.00025445,0.10458,0.0053435,0.00025445,0.020611,0.00025445,0.091858,0.00025445,0.056234
0.0010753,0.0010753,0.0010753,0.054839,0.23763,0.42043,0.0010753,0.0010753,0.087097,0.19462
0.095751,0.00015175,0.00015175,0.00015175,0.00015175,0.21715,0.00015175,0.13976,0.013809,0.53278
0.0003367,0.034007,0.0003367,0.12155,0.0003367,0.0003367,0.0003367,0.25286,0.077778,0.51212
0.052593,0.00074074,0.00074074,0.0081481,0.00074074,0.22296,0.00074074,0.27481,0.43778,0.00074074
0.00025641,0.4259,0.15923,0.2259,0.036154,0.14897,0.00025641,0.00025641,0.00025641,0.0028205
0.09902,0.00098039,0.00098039,0.00098039,0.00098039,0.34412,0.00098039,0.069608,0.00098039,0.48137
0.00075758,0.00075758,0.00075758,0.71288,0.00075758,0.28106,0.00075758,0.00075758,0.00075758,0.00075758
0.0005618,0.0005618,0.0005618,0.25899,0.27584,0.28146,0.0005618,0.0005618,0.0005618,0.18034
0.054801,0.00016556,0.056457,0.00016556,0.0051325,0.73692,0.0067881,0.13924,0.00016556,0.00016556
0.00026882,0.00026882,0.021774,0.40887,0.00026882,0.011022,0.22608,0.23414,0.00026882,0.097043
0.00077519,0.039535,0.00077519,0.00077519,0.00077519,0.16357,0.00077519,0.00077519,0.00077519,0.79147
0.55506,0.0044534,0.00040486,0.00040486,0.00040486,0.028745,0.00040486,0.00040486,0.00040486,0.40931
0.00036496,0.20839,0.00036496,0.16095,0.00036496,0.077007,0.00036496,0.00036496,0.044161,0.50766
0.00066225,0.00066225,0.00066225,0.49735,0.00066225,0.1596,0.0072848,0.00066225,0.00066225,0.33179
0.00028329,0.00028329,0.00028329,0.87564,0.00028329,0.11643,0.00028329,0.00028329,0.005949,0.00028329
1.935e-05,1.935e-05,0.0011803,0.056521,1.935e-05,1.935e-05,0.92707,1.935e-05,1.935e-05,0.015112
0.00041322,0.00041322,0.0045455,0.22355,0.0045455,0.037603,0.34339,0.00041322,0.00041322,0.38471
0.00013889,0.00013889,0.0070833,0.65014,0.12236,0.032083,0.00013889,0.18764,0.00013889,0.00013889
0.00041841,0.00041841,0.11757,0.029707,0.00041841,0.27657,0.00041841,0.00041841,0.00041841,0.57364
0.00044843,0.00044843,0.00044843,0.62825,0.00044843,0.1843,0.013901,0.00044843,0.00044843,0.17085
0.0013959,0.0001269,0.11815,0.80723,0.050888,0.0001269,0.0001269,0.003934,0.0001269,0.017893
0.00057471,0.023563,0.13276,0.17299,0.00057471,0.15575,0.00057471,0.06954,0.2592,0.18448
0.0011765,0.0011765,0.0011765,0.0011765,0.0011765,0.63647,0.0011765,0.0011765,0.35412,0.0011765
0.00072993,0.13942,0.037226,0.0080292,0.00072993,0.16861,0.00072993,0.00072993,0.00072993,0.64307
0.00053763,0.00053763,0.00053763,0.32849,0.00053763,0.31774,0.00053763,0.33387,0.01129,0.005914
0.00024691,0.00024691,0.00024691,0.99778,0.00024691,0.00024691,0.00024691,0.00024691,0.00024691,0.00024691
0.079775,0.0011236,0.0011236,0.0011236,0.0011236,0.54045,0.0011236,0.27079,0.10225,0.0011236
0.00028902,0.70838,0.089884,0.00028902,0.00028902,0.01474,0.00028902,0.00028902,0.00028902,0.18526
0.00074627,0.00074627,0.00074627,0.79925,0.00074627,0.17985,0.00074627,0.00074627,0.015672,0.00074627
8.0199e-06,8.0199e-06,0.03722,0.88973,0.0084289,8.0199e-06,0.026714,0.036739,0.0011308,8.0199e-06
3.1959e-05,3.1959e-05,0.077053,3.1959e-05,3.1959e-05,0.096229,0.55356,0.0048258,0.034548,0.23365
0.00098039,0.00098039,0.00098039,0.60882,0.00098039,0.20686,0.00098039,0.00098039,0.17745,0.00098039
7.2622e-05,7.2622e-05,7.2622e-05,0.98627,0.013145,7.2622e-05,7.2622e-05,7.2622e-05,7.2622e-05,7.2622e-05
0.47327,0.00019231,0.21365,0.13096,0.00019231,0.00019231,0.00019231,0.0021154,0.034808,0.14442
0.0051402,0.22944,0.00046729,0.62196,0.00046729,0.14065,0.00046729,0.00046729,0.00046729,0.00046729
0.00042373,0.00042373,0.16144,0.34364,0.00042373,0.025847,0.25042,0.004661,0.00042373,0.21229
0.00038023,0.011787,0.00038023,0.25133,0.46806,0.15247,0.09924,0.00038023,0.015589,0.00038023
0.0002611,0.19869,0.15953,0.0002611,0.28486,0.22742,0.0002611,0.0002611,0.1282,0.0002611
0.61571,0.096474,0.00032051,0.00032051,0.00032051,0.24712,0.025962,0.013141,0.00032051,0.00032051
0.0010204,0.31735,0.0010204,0.0010204,0.0010204,0.56224,0.0010204,0.062245,0.0010204,0.052041
0.026108,0.5335,7.0373e-05,7.0373e-05,0.0057002,0.0007741,7.0373e-05,0.43357,7.0373e-05,7.0373e-05
0.0063953,0.0005814,0.064535,0.48895,0.0005814,0.28547,0.0005814,0.0005814,0.15174,0.0005814
0.00011723,0.00011723,0.093904,0.00011723,0.26741,0.037632,0.59683,0.00011723,0.0036342,0.00011723
0.00015848,0.00015848,0.16022,0.16498,0.66894,0.0049128,0.00015848,0.00015848,0.00015848,0.00015848
0.00016529,0.00016529,0.15223,0.64975,0.00016529,0.1076,0.00016529,0.087769,0.00016529,0.0018182
0.00070922,0.00070922,0.53972,0.014894,0.0078014,0.38369,0.00070922,0.00070922,0.050355,0.00070922
0.00025641,0.0053846,0.013077,0.036154,0.00025641,0.67205,0.0028205,0.25667,0.013077,0.00025641
0.32288,0.00084746,0.00084746,0.00084746,0.00084746,0.27203,0.10254,0.29746,0.00084746,0.00084746
0.00055866,0.084358,0.00055866,0.00055866,0.00055866,0.16257,0.40279,0.25754,0.00055866,0.089944
0.00046948,0.00046948,0.00046948,0.87371,0.00046948,0.12254,0.00046948,0.00046948,0.00046948,0.00046948
0.00036496,0.00036496,0.00036496,0.25219,0.52226,0.21204,0.00036496,0.00036496,0.011314,0.00036496
0.00047619,0.00047619,0.01,0.00047619,0.029048,0.00047619,0.00047619,0.062381,0.00047619,0.89571
0.14564,0.012863,0.00041494,0.087552,0.03361,0.21618,0.03361,0.21203,0.25768,0.00041494
0.68566,0.00039841,0.00039841,0.00039841,0.00039841,0.16375,0.00039841,0.14781,0.00039841,0.00039841
0.071613,0.00064516,0.084516,0.27806,0.00064516,0.55548,0.00064516,0.00064516,0.0070968,0.00064516
0.00014859,0.00014859,0.00014859,0.95557,0.0016345,0.041753,0.00014859,0.00014859,0.00014859,0.00014859
0.00045662,0.046119,0.00045662,0.73562,0.06895,0.00045662,0.00045662,0.00045662,0.14658,0.00045662
0.005641,0.00051282,0.051795,0.00051282,0.00051282,0.58513,0.00051282,0.00051282,0.00051282,0.35436
0.10744,0.34,0.00046512,0.00046512,0.00046512,0.31674,0.00046512,0.23302,0.00046512,0.00046512
0.00012484,0.00012484,0.00012484,0.00012484,0.071286,0.13745,0.00012484,0.11498,0.00012484,0.67553
0.0096282,0.0077216,0.021068,0.035367,0.060153,9.5329e-05,0.037274,0.083985,0.052526,0.69218
0.00015504,0.00015504,0.81256,0.11178,0.00015504,0.00015504,0.00015504,0.074574,0.00015504,0.00015504
0.00027548,0.64766,0.058127,0.052617,0.00027548,0.0030303,0.00027548,0.0057851,0.00027548,0.23168
0.0002331,0.0002331,0.62261,0.091142,0.0002331,0.093473,0.0095571,0.14942,0.0002331,0.032867
0.00062112,0.00062112,0.056522,0.019255,0.00062112,0.056522,0.056522,0.14348,0.17453,0.4913
0.77343,9.5238e-05,9.5238e-05,9.5238e-05,9.5238e-05,0.082,0.0010476,9.5238e-05,0.002,0.14105
0.0001548,0.015635,0.20294,0.086842,0.12399,0.3144,0.0001548,0.16424,0.0001548,0.091486
0.00031348,0.00031348,0.05674,0.24169,0.00031348,0.13511,0.037931,0.00031348,0.14451,0.38276
0.00097087,0.00097087,0.00097087,0.29223,0.00097087,0.46699,0.1466,0.08835,0.00097087,0.00097087
0.00057803,0.27803,0.0063584,0.00057803,0.00057803,0.00057803,0.00057803,0.00057803,0.00057803,0.71156
0.025134,0.014439,0.55633,0.33173,0.00017825,0.055437,0.00017825,0.0055258,0.00017825,0.010873
0.0034268,0.00031153,0.00031153,0.00031153,0.00031153,0.89128,0.059502,0.00031153,0.00031153,0.043925
0.00065359,0.00065359,0.1902,0.00065359,0.00065359,0.66732,0.079085,0.059477,0.00065359,0.00065359
0.00046083,0.028111,0.00046083,0.0050691,0.014286,0.94977,0.00046083,0.00046083,0.00046083,0.00046083
0.00050761,0.00050761,0.00050761,0.24924,0.00050761,0.4066,0.051269,0.28985,0.00050761,0.00050761
0.00025575,0.00025575,0.00025575,0.00025575,0.00025575,0.45038,0.00025575,0.0028133,0.048849,0.49642
0.00077519,0.00077519,0.00077519,0.0085271,0.00077519,0.75271,0.00077519,0.00077519,0.00077519,0.23333
0.022162,0.00054054,0.00054054,0.0059459,0.00054054,0.82216,0.0059459,0.14108,0.00054054,0.00054054
0.011273,0.018545,0.00036364,0.004,0.047636,0.564,0.00036364,0.00036364,0.10582,0.24764
0.4625,0.00037879,0.00037879,0.0041667,0.00037879,0.45492,0.00037879,0.0041667,0.072348,0.00037879
0.00084746,0.00084746,0.00084746,0.00084746,0.00084746,0.62797,0.36525,0.00084746,0.00084746,0.00084746
0.00028902,0.00028902,0.00028902,0.02341,0.00028902,0.97139,0.00028902,0.00028902,0.00028902,0.0031792
0.00046948,0.00046948,0.00046948,0.00046948,0.00046948,0.19765,0.00046948,0.00046948,0.00046948,0.79859
7.8309e-05,7.8309e-05,7.8309e-05,7.8309e-05,7.8309e-05,0.21856,7.8309e-05,0.0055599,7.8309e-05,0.77533
0.00081967,0.00081967,0.00081967,0.00081967,0.00081967,0.41066,0.00081967,0.00081967,0.00081967,0.58279
0.0008,0.0008,0.0008,0.0968,0.0088,0.5288,0.0008,0.3608,0.0008,0.0008
0.00030211,0.00030211,0.43837,0.00030211,0.07281,0.39607,0.012387,0.0093656,0.069789,0.00030211
0.22625,0.00033223,0.00033223,0.00033223,0.00033223,0.00033223,0.4588,0.00033223,0.083389,0.22957
0.0001692,0.66345,0.0001692,0.17783,0.0001692,0.013706,0.0001692,0.0001692,0.032318,0.11184
0.0035927,0.0073995,0.026909,0.52631,0.00026172,0.041661,0.0085891,0.034761,2.3793e-05,0.35049
0.00033445,0.00033445,0.013712,0.61906,0.11405,0.00033445,0.0036789,0.0036789,0.00033445,0.24448
0.00031056,0.012733,0.35745,0.07795,0.00031056,0.14627,0.018944,0.0034161,0.3823,0.00031056
0.006367,0.00012484,0.73046,0.11998,0.031336,0.00012484,0.00012484,0.093758,0.017603,0.00012484
0.040267,1.4376e-05,0.81959,0.049468,0.00015814,1.4376e-05,0.0036084,0.055075,0.0082087,0.023591
0.23431,0.00072993,0.00072993,0.00072993,0.00072993,0.2635,0.00072993,0.00072993,0.09562,0.40219
0.00035971,0.00035971,0.39604,0.00035971,0.00035971,0.21978,0.00035971,0.00035971,0.37446,0.007554
0.00010417,0.00010417,0.19177,0.13448,0.11781,0.0011458,0.00010417,0.53031,0.00010417,0.024062
0.00035088,0.0038596,0.00035088,0.014386,0.00035088,0.10211,0.00035088,0.50211,0.0073684,0.36877
0.00059524,0.00059524,0.0065476,0.48274,0.03631,0.066071,0.00059524,0.00059524,0.0065476,0.3994
7.6923e-05,7.6923e-05,0.0093077,7.6923e-05,7.6923e-05,7.6923e-05,7.6923e-05,7.6923e-05,0.817,0.17315
4.6773e-05,4.6773e-05,0.71848,0.019691,0.12587,0.0089336,4.6773e-05,0.1268,4.6773e-05,4.6773e-05
0.0010753,0.0010753,0.0010753,0.0010753,0.0010753,0.5172,0.022581,0.065591,0.0010753,0.38817
0.00056818,0.00056818,0.00056818,0.25625,0.40398,0.26193,0.011932,0.00056818,0.00056818,0.063068
0.00057803,0.00057803,0.058382,0.42832,0.00057803,0.23179,0.00057803,0.098844,0.16821,0.012139
1.0125e-05,1.0125e-05,1.0125e-05,0.073514,0.037471,0.00021262,0.88145,1.0125e-05,0.00011137,0.0071985
0.00071429,0.057857,0.00071429,0.0078571,0.00071429,0.25071,0.079286,0.015,0.00071429,0.58643
4.4743e-05,0.018389,0.31861,4.4743e-05,4.4743e-05,0.41034,0.14233,4.4743e-05,0.11011,4.4743e-05
0.00016103,0.00016103,0.00016103,0.87778,0.00016103,0.0033816,0.00016103,0.00016103,0.00016103,0.11771
0.44562,0.11623,0.077905,4.0766e-05,4.0766e-05,4.0766e-05,0.052629,0.25116,4.0766e-05,0.056298
0.0011111,0.0011111,0.0011111,0.0011111,0.0011111,0.0011111,0.0011111,0.0011111,0.0011111,0.99
0.0011494,0.0011494,0.0011494,0.0011494,0.0011494,0.0011494,0.0011494,0.0011494,0.0011494,0.98966
0.0011494,0.0011494,0.0011494,0.0011494,0.0011494,0.0011494,0.0011494,0.0011494,0.0011494,0.98966
0.00068493,0.00068493,0.13767,0.055479,0.00068493,0.15822,0.00068493,0.00068493,0.00068493,0.64452
0.001069,9.7182e-05,0.18766,9.7182e-05,0.13907,0.099223,9.7182e-05,0.030224,0.5414,0.001069
0.071326,0.042891,0.77257,4.0048e-05,0.039287,4.0048e-05,4.0048e-05,4.0048e-05,0.028474,0.045294
0.00084034,0.00084034,0.00084034,0.00084034,0.0092437,0.00084034,0.00084034,0.00084034,0.00084034,0.98403
0.0013333,0.0013333,0.0013333,0.0013333,0.0013333,0.64133,0.054667,0.041333,0.094667,0.16133
0.0079507,0.15017,0.059462,0.0068309,0.070661,0.043785,0.00011198,0.00011198,0.52083,0.14009
2.524e-05,2.524e-05,0.32713,0.33344,0.28448,2.524e-05,2.524e-05,0.050252,0.0040636,0.00053004
0.00059524,0.0065476,0.00059524,0.00059524,0.00059524,0.00059524,0.00059524,0.00059524,0.00059524,0.98869
0.00045455,0.00045455,0.00045455,0.45955,0.00045455,0.52773,0.00045455,0.005,0.005,0.00045455
0.0008547,0.0008547,0.0008547,0.069231,0.31709,0.24872,0.0008547,0.0008547,0.0008547,0.35983
9.5877e-05,0.86587,9.5877e-05,0.11898,9.5877e-05,9.5877e-05,9.5877e-05,0.0010547,0.011601,0.0020134
0.0012048,0.0012048,0.0012048,0.013253,0.0012048,0.0012048,0.0012048,0.0012048,0.0012048,0.97711
0.00095238,0.02,0.00095238,0.00095238,0.00095238,0.00095238,0.00095238,0.00095238,0.077143,0.89619
0.00095238,0.00095238,0.00095238,0.00095238,0.00095238,0.00095238,0.00095238,0.00095238,0.00095238,0.99143
9.1659e-05,0.012007,0.028506,9.1659e-05,9.1659e-05,0.78286,9.1659e-05,0.017507,0.15866,9.1659e-05
0.00043668,0.00043668,0.00043668,0.32358,0.32795,0.23188,0.00043668,0.00043668,0.026638,0.087773
0.0010526,0.011579,0.011579,0.0010526,0.0010526,0.0010526,0.0010526,0.0010526,0.0010526,0.96947
0.0023791,0.74605,0.063776,0.13285,0.00084421,7.6746e-05,0.00084421,0.019263,7.6746e-05,0.033845
0.00076336,0.00076336,0.13053,0.19924,0.32137,0.30611,0.038931,0.00076336,0.00076336,0.00076336
0.0013158,0.0013158,0.0013158,0.0013158,0.0013158,0.0013158,0.0013158,0.0013158,0.0013158,0.98816
0.00063694,0.00063694,0.070701,0.00063694,0.00063694,0.40828,0.00063694,0.00063694,0.00063694,0.51656
0.00022422,0.23117,0.32309,0.20874,0.00022422,0.038341,0.00022422,0.19753,0.00022422,0.00022422
0.00011211,0.00011211,0.00011211,0.99675,0.00011211,0.00011211,0.00011211,0.0023543,0.00011211,0.00011211
0.00014925,0.00014925,0.037463,0.00014925,0.010597,0.12851,0.00014925,0.15836,0.66433,0.00014925
