0.0091106,0.039479,0.0047722,0.052495,0.89414
0.00044944,0.00044944,0.00044944,0.00044944,0.9982
0.014261,0.00034783,0.00034783,0.00034783,0.9847
0.0014815,0.14963,0.0014815,0.0014815,0.84593
0.00033841,0.00033841,0.010491,0.00033841,0.98849
0.67146,0.00043573,0.00043573,0.096296,0.23137
0.00064725,0.00064725,0.045955,0.00064725,0.9521
0.024697,0.00048426,0.72688,0.00048426,0.24746
0.00050378,0.00050378,0.065995,0.3733,0.5597
0.00023229,0.76446,0.00023229,0.10941,0.12567
0.60562,0.024,0.030486,0.00021622,0.33968
0.11729,0.20512,0.20695,0.060567,0.41006
0.49942,0.038772,0.25758,0.00038388,0.20384
0.84052,0.03397,0.051065,0.040172,0.034273
0.27223,0.27612,0.28,0.00038835,0.17126
0.00024067,0.38773,0.014681,0.22888,0.36847
0.7816,0.14131,0.013067,0.063999,3.0317e-05
0.35671,0.021262,0.13647,0.099195,0.38636
0.086383,0.33931,0.17671,0.20482,0.19277
0.87636,0.026332,0.062805,0.018036,0.016463
0.24002,0.12443,9.7135e-05,0.14386,0.4916
0.00016849,0.5663,0.00016849,0.091154,0.34221
0.13117,0.00011396,0.00011396,0.00011396,0.86849
0.037309,0.00061162,0.00061162,0.00061162,0.96086
0.039296,0.39707,0.039296,0.056891,0.46745
0.57593,0.0067183,0.33968,0.050277,0.02739
0.84073,0.018347,0.14066,0.00013012,0.00013012
0.00069686,0.00069686,0.00069686,0.014634,0.98328
0.00041408,0.21573,0.095652,0.00041408,0.68778
0.25316,0.00066445,0.18007,0.00066445,0.56545
0.30334,0.15501,0.040913,0.18435,0.31638
0.0047028,0.9415,1.5624e-05,0.052512,0.0012655
0.14391,0.19065,0.040401,0.00033389,0.62471
0.0069358,0.41512,0.13883,0.37874,0.060375
0.01597,0.00076046,0.00076046,0.031179,0.95133
0.12529,0.34056,7.0348e-05,0.4714,0.06268
0.52468,0.15318,0.13791,0.00050891,0.18372
0.00072202,0.00072202,0.051264,0.00072202,0.94657
0.11418,0.0050909,0.048727,0.24024,0.59176
0.010138,0.00092166,0.00092166,0.00092166,0.9871
0.27535,0.29423,0.32672,0.036487,0.067223
0.062252,0.20353,0.20795,0.0048565,0.52141
0.00046189,0.00046189,0.037413,0.023557,0.93811
0.036223,0.0036052,0.024206,0.055107,0.88086
0.0015038,0.0015038,0.031579,0.0015038,0.96391
0.19646,0.019469,0.0017699,0.0017699,0.78053
0.014765,0.0013423,0.041611,0.0013423,0.94094
0.0016,0.0016,0.0016,0.0016,0.9936
0.15294,0.0016807,0.0016807,0.0016807,0.84202
0.033846,0.0030769,0.0030769,0.0030769,0.95692
0.0019048,0.0019048,0.04,0.0019048,0.95429
0.00042827,0.00042827,0.10321,0.13319,0.76274
0.0015748,0.0015748,0.0015748,0.0015748,0.9937
0.00055402,0.00055402,0.12244,0.0060942,0.87036
0.0011561,0.024277,0.05896,0.0011561,0.91445
0.018667,0.00088889,0.00088889,0.00088889,0.97867
0.16322,0.0022989,0.025287,0.0022989,0.8069
0.012519,0.0033588,0.12855,0.036947,0.81863
0.023341,0.00045767,0.27048,0.00045767,0.70526
0.16701,0.0020619,0.0020619,0.0020619,0.8268
0.0004008,0.0004008,0.016433,0.020441,0.96232
0.00044543,0.0048998,0.00044543,0.00044543,0.99376
0.17062,0.15932,0.046328,0.11412,0.5096
0.00042644,0.51642,0.072921,0.060128,0.35011
0.14929,0.1821,0.021029,0.050858,0.59672
0.28976,0.0043433,0.00020683,0.6455,0.060186
0.78746,0.042483,0.016892,0.063445,0.089716
0.22274,0.021189,0.55866,0.0005168,0.1969
0.047442,0.010233,0.46605,0.11256,0.36372
0.00096618,0.00096618,0.28116,0.00096618,0.71594
0.0017699,0.16106,0.0017699,0.0017699,0.83363
0.57473,0.049031,0.31019,0.00016849,0.06588
0.019178,0.00091324,0.59452,0.00091324,0.38447
0.209,0.000409,0.40532,0.016769,0.36851
0.18873,0.15117,0.00093897,0.00093897,0.65822
0.00043197,0.00043197,0.11274,0.034989,0.8514
0.099176,0.00032949,0.00032949,0.00032949,0.89984
0.00053908,0.00053908,0.022102,0.011321,0.9655
0.00061162,0.00061162,0.00061162,0.00061162,0.99755
0.00065147,0.00065147,0.0071661,0.00065147,0.99088
0.012174,0.00057971,0.00057971,0.29623,0.69043
0.00047506,0.00047506,0.062233,0.14299,0.79382
0.40724,0.0061281,0.0061281,0.0005571,0.57994
0.24749,0.22009,0.00091324,0.1105,0.421
0.011321,0.00053908,0.011321,0.37251,0.60431
0.00038241,0.00038241,0.00038241,0.21453,0.78432
0.0046709,0.089597,0.0046709,0.00042463,0.90064
0.00035651,0.00035651,0.025312,0.014617,0.95936
0.00037951,0.0041746,0.00037951,0.15977,0.83529
0.00034188,0.00034188,0.0071795,0.041368,0.95077
0.00045351,0.00045351,0.00045351,0.00045351,0.99819
0.00053908,0.00053908,0.00053908,0.043666,0.95472
0.062188,0.0036176,0.00017227,0.041516,0.89251
0.00044346,0.00044346,0.00044346,0.00044346,0.99823
0.048071,0.19644,0.00059347,0.12522,0.62967
0.0002845,0.0002845,0.082788,0.017354,0.89929
0.00029806,0.012221,0.00029806,0.095678,0.89151
0.00035651,0.00035651,0.00035651,0.00035651,0.99857
0.00022548,0.00022548,0.12875,0.00022548,0.87057
0.00041237,0.0086598,0.095258,0.00041237,0.89526
0.040495,0.00030912,0.00030912,0.00030912,0.95858
0.016765,0.00023613,0.073436,0.13011,0.77946
0.00053619,0.048794,0.00053619,0.00053619,0.9496
0.00072202,0.00072202,0.044043,0.0079422,0.94657
0.024357,0.00034305,0.0072041,0.00034305,0.96775
0.015617,0.20202,0.00050378,0.1063,0.67557
0.2177,0.048858,0.0075917,0.065239,0.66061
0.01034,0.00025221,0.0052963,0.16419,0.81992
0.0085603,0.00077821,0.00077821,0.00077821,0.98911
0.0010811,0.0010811,0.0010811,0.0010811,0.99568
0.31011,0.00043011,0.00043011,0.043441,0.64559
0.00042463,0.48875,0.00042463,0.1448,0.36561
0.0064319,0.51179,0.00030628,0.29127,0.1902
0.00041408,0.1619,0.43106,0.17433,0.2323
0.34585,0.0057143,0.00027211,0.24517,0.40299
0.00027211,0.50912,0.37306,0.0084354,0.10912
0.0010811,0.50919,0.0010811,0.0010811,0.48757
0.16325,0.15618,0.00070671,0.00070671,0.67915
0.00049383,0.00049383,0.24247,0.40049,0.35605
0.21255,0.11059,0.00078431,0.00078431,0.67529
0.60703,0.022802,0.023936,0.24855,0.097674
0.70806,0.083439,0.05986,0.086331,0.062307
9.6852e-05,0.43109,0.0039709,0.53182,0.033027
0.26425,0.59208,0.039824,0.00022002,0.10363
0.042223,0.045809,0.038637,0.8078,0.065531
0.3111,0.0001023,0.19141,0.031816,0.46558
0.082212,0.032163,0.026191,0.83808,0.021356
0.00038685,0.062282,0.1087,0.00038685,0.82824
0.77461,0.0077069,0.024131,0.094883,0.098673
0.78795,0.01582,0.15202,0.00010477,0.044107
0.54608,0.15544,6.2402e-05,0.20037,0.098034
0.025819,0.69678,0.058303,0.15856,0.060543
0.094929,0.21131,0.0084788,0.54214,0.14314
0.00081633,0.36,0.00081633,0.26204,0.37633
0.42881,0.058495,0.026429,0.30313,0.18314
0.027621,0.16211,0.00014461,0.64367,0.16645
0.29238,0.32103,0.021891,0.23163,0.13307
7.1098e-05,7.1098e-05,7.1098e-05,0.91511,0.084678
0.00060423,0.00060423,0.00060423,0.66526,0.33293
0.75965,0.031662,0.071931,0.037979,0.098776
0.003966,0.88215,0.032295,0.073843,0.0077432
0.10611,0.74111,0.0056988,0.040977,0.10611
0.24501,0.00019743,0.0021718,0.54709,0.20553
0.00034542,0.15233,0.0072539,0.33541,0.50466
0.28438,0.0085193,0.0085193,0.14239,0.55619
0.025058,0.46864,0.0079377,0.00015564,0.49821
0.2328,0.29892,0.024285,0.32816,0.11583
0.082575,0.029356,0.14953,0.2079,0.53064
0.00034423,0.77143,0.00034423,0.00034423,0.22754
0.22466,0.26905,0.00024661,0.24439,0.26165
0.00013671,0.46083,0.027478,0.11634,0.39522
0.00011217,0.1078,0.081997,0.34896,0.46113
0.4028,0.00018639,0.084063,0.013234,0.49972
0.2714,0.00043011,0.00043011,0.00043011,0.72731
0.11435,0.00045558,0.00045558,0.08246,0.80228
0.0084942,0.63398,0.0007722,0.0007722,0.35598
0.46981,0.012976,0.28965,0.025845,0.20172
0.00092166,0.3235,0.010138,0.019355,0.64608
0.079524,0.85892,0.0002642,0.010832,0.050462
0.0010929,0.03388,0.012022,0.44918,0.50383
0.00081633,0.69469,0.00081633,0.082449,0.22122
0.33317,0.00023781,0.41165,0.00023781,0.2547
0.16673,0.00037807,0.00037807,0.6242,0.20832
0.095935,0.00018067,0.00018067,0.70298,0.20072
6.6116e-05,0.15147,6.6116e-05,0.31147,0.53693
0.47983,0.15602,0.00017316,0.00017316,0.36381
0.0090713,0.78661,0.00043197,0.00043197,0.20346
0.0011561,0.012717,0.0011561,0.40578,0.57919
0.0011561,0.0011561,0.0011561,0.40578,0.59075
0.043137,0.00035651,0.65989,0.00035651,0.29626
0.00090498,0.20905,0.00090498,0.26335,0.52579
0.040796,0.010945,0.3791,0.00099502,0.56816
0.0065503,0.10844,0.020547,0.7702,0.094261
0.063374,0.63868,0.18998,0.084939,0.023026
0.20148,0.21834,0.002214,0.42815,0.14982
0.078994,0.86621,0.00013596,0.013732,0.040925
0.00043384,0.27809,0.052495,0.00043384,0.66855
0.0010695,0.0010695,0.0010695,0.55722,0.43957
0.0016654,0.22422,0.64058,0.074338,0.059198
0.10906,0.2216,0.025977,0.55814,0.085223
0.17031,0.097436,0.097436,0.00026991,0.63455
0.088446,0.024701,0.00079681,0.2,0.68606
0.096533,0.5392,0.00053333,0.00053333,0.3632
0.0010695,0.0010695,0.0010695,0.31123,0.68556
0.00022962,0.12193,0.67991,0.036969,0.16096
0.0011299,0.0011299,0.0011299,0.43051,0.5661
0.00033278,0.32313,0.040266,0.083527,0.55275
0.0050575,0.75448,0.00045977,0.00045977,0.23954
0.00030257,0.18487,0.13343,0.00030257,0.68109
0.027573,0.00012477,0.71878,0.24716,0.0063631
0.59558,0.083322,0.0599,0.15619,0.10501
0.17404,0.1364,0.0079169,0.085788,0.59585
0.068488,0.69093,0.00019512,0.02361,0.21678
0.0011496,0.38433,0.0043052,0.58359,0.02662
0.02246,0.0010695,0.0010695,0.0010695,0.97433
0.45436,0.001858,0.080971,0.42619,0.03662
0.0081902,0.8325,0.055746,0.0002642,0.1033
0.31737,0.0007722,0.047104,0.0007722,0.63398
0.040575,0.17044,0.012088,0.67935,0.097549
0.059916,0.00084388,0.38059,0.051477,0.50717
0.00042644,0.00042644,0.00042644,0.57612,0.4226
0.00090498,0.1095,0.00090498,0.00090498,0.88778
0.47575,0.0075352,0.16169,0.32563,0.029393
0.33424,0.16268,0.37938,0.00015049,0.12355
0.093333,0.32522,0.00057971,0.26725,0.31362
0.79565,0.0312,0.099565,0.0001243,0.073462
0.43904,0.00079681,0.016733,0.00079681,0.54263
0.15174,0.29898,0.000409,0.1681,0.38078
0.00059701,0.030448,0.018507,0.18567,0.76478
0.12422,0.74116,0.052137,0.00016764,0.082313
0.24376,0.00030817,0.19753,0.00030817,0.55809
0.0008658,0.0008658,0.31255,0.21732,0.4684
0.0098655,0.00089686,0.00089686,0.26996,0.71839
0.0099548,0.00090498,0.00090498,0.56199,0.42624
0.22272,0.00049383,0.49926,0.020247,0.25728
0.65748,0.0064516,0.00058651,0.024047,0.31144
0.21902,0.11914,0.51867,0.00023781,0.14293
0.24669,0.37918,0.00063091,0.13312,0.24038
0.30678,0.00020855,0.00020855,0.071116,0.62169
0.00018332,0.9626,0.007516,0.00018332,0.029514
0.00043956,0.47077,0.00043956,0.00043956,0.52791
0.33596,0.043731,0.016788,0.23026,0.37326
0.17602,0.0047109,0.00042827,0.18887,0.62998
0.00031104,0.00031104,0.1154,0.13406,0.74992
0.12227,0.00028369,0.74922,0.020142,0.10809
0.57328,0.0001336,0.2326,0.0001336,0.19385
0.058288,0.073998,0.023723,0.16355,0.68044
0.078917,0.023134,0.00016407,0.64988,0.24791
0.00079681,0.46295,0.088446,0.0087649,0.43904
0.0001576,0.49346,0.34058,0.0001576,0.16564
0.00017406,0.96623,0.014099,0.00017406,0.019321
0.031385,0.14215,0.00061538,0.00061538,0.82523
0.040964,0.36225,0.21767,0.00080321,0.37831
0.00077821,0.00077821,0.00077821,0.19533,0.80233
0.00032103,0.51717,0.00032103,0.23467,0.24751
0.00031201,0.078315,0.0065523,0.80842,0.1064
0.000409,0.94928,0.000409,0.000409,0.049489
0.0049438,0.83191,0.00044944,0.00044944,0.16225
0.41184,0.00062305,0.12523,0.00062305,0.46168
0.0034126,0.030825,0.0050909,0.9181,0.042573
0.33156,0.043464,0.031807,0.00016653,0.59301
0.54385,0.034701,0.0060306,0.30361,0.11181
0.02246,0.0010695,0.0010695,0.51444,0.46096
0.00095694,0.010526,0.00095694,0.60383,0.38373
0.00090498,0.00090498,0.019005,0.43529,0.54389
0.60621,0.00038835,0.19068,0.00038835,0.20233
0.00093897,0.00093897,0.019718,0.44225,0.53615
0.0010363,0.0010363,0.0010363,0.40518,0.59171
0.0010363,0.0010363,0.0010363,0.50881,0.48808
0.001005,0.001005,0.001005,0.57387,0.42312
0.02684,0.0008658,0.0008658,0.53766,0.43377
0.001105,0.012155,0.001105,0.52044,0.46519
0.02132,0.02132,0.0010152,0.44772,0.50863
0.0017699,0.0017699,0.21416,0.0017699,0.78053
0.00012477,0.59526,0.39189,0.00012477,0.012601
0.00040733,0.0096649,3.703e-05,0.98985,3.703e-05
0.8571,0.00010178,0.07542,0.020458,0.046921
0.00075472,0.74038,0.00075472,0.00075472,0.25736
0.00023283,0.19814,0.00023283,0.28428,0.51711
0.6674,0.074346,0.040076,0.081009,0.13717
0.66553,0.21645,0.0001265,0.078558,0.039342
0.00018232,0.42315,0.036645,0.27548,0.26454
0.0010256,0.083077,0.0010256,0.31897,0.5959
0.31802,0.063982,0.26295,0.29433,0.060725
0.64787,0.00016736,0.24117,0.00016736,0.11063
0.79246,0.0073603,0.10186,0.05552,0.042799
0.00057637,0.57118,0.00057637,0.087032,0.34063
0.58134,0.00010251,0.14464,0.13029,0.14362
0.41072,0.26677,0.00030628,0.00030628,0.3219
0.15881,0.25797,0.042868,0.097788,0.44256
0.00034305,0.38456,0.00034305,0.00034305,0.61441
0.00050125,0.51178,0.085714,0.040602,0.3614
0.0008658,0.0008658,0.018182,0.0008658,0.97922
5.7488e-05,0.97103,0.028801,5.7488e-05,5.7488e-05
0.33401,0.00025478,0.59389,0.00025478,0.071592
0.0010811,0.098378,0.0010811,0.24973,0.64973
0.39347,0.00015186,0.02445,0.23098,0.35095
0.28027,0.30388,0.030691,0.088027,0.29713
0.4171,0.00074349,0.12714,0.030483,0.42454
0.19281,0.074711,0.097818,0.31605,0.31861
0.099507,0.39507,0.040394,0.00098522,0.46404
0.00076046,0.53308,0.00076046,0.00076046,0.46464
0.00056338,0.30479,0.00056338,0.20338,0.4907
0.15095,0.0001657,0.041591,0.0051367,0.80215
0.44441,0.24253,0.11063,0.011036,0.19139
0.00077821,0.17977,0.039689,0.00077821,0.77899
0.22759,0.016633,0.57241,0.00040568,0.18296
0.00036563,0.077148,0.28556,0.34771,0.28921
0.00066445,0.49236,0.00066445,0.020598,0.48571
0.00028369,0.80596,0.017305,0.00028369,0.17617
1.9352e-05,0.21115,0.77912,0.0087276,0.00098694
0.00041408,0.38137,0.32754,0.16605,0.12464
0.25726,0.31981,0.12384,0.22946,0.069632
0.16394,0.050734,0.00041929,0.35262,0.43229
0.058876,0.22067,0.00044944,0.40045,0.31955
0.00012698,0.76203,0.0039365,0.20457,0.029333
0.16196,0.33487,0.046686,0.00057637,0.45591
0.048521,0.0011834,0.0011834,0.0011834,0.94793
0.0007326,0.36703,0.0007326,0.022711,0.60879
0.10836,0.33477,0.0059299,0.00053908,0.5504
0.00024722,0.95698,0.00024722,0.00024722,0.042274
0.30621,0.0011299,0.0011299,0.012429,0.6791
0.00028944,0.19421,0.23184,0.51838,0.055282
0.030712,0.60749,0.00074906,0.00074906,0.3603
0.04043,0.84927,0.092481,0.016209,0.0016121
0.024964,0.062682,0.1346,0.47246,0.30529
0.069951,0.533,0.00098522,0.010837,0.38522
0.00079913,0.98881,7.2648e-05,0.010243,7.2648e-05
0.4179,0.00019249,0.48142,0.00019249,0.10029
0.00046838,0.52506,0.089461,0.00046838,0.38454
0.0089172,0.59066,0.13631,0.0089172,0.2552
0.008,0.00038095,0.08419,0.73562,0.17181
0.17804,0.036863,0.00026144,0.43425,0.35059
0.042055,0.00032103,0.4626,0.00032103,0.4947
0.093333,0.0010256,0.011282,0.0010256,0.89333
0.93636,7.0398e-05,0.031045,0.0099261,0.022598
0.18717,0.42624,0.04723,0.035569,0.30379
0.0071554,0.0001173,0.0001173,0.98311,0.0095015
0.0001586,0.0001586,0.030293,0.91372,0.05567
0.20529,0.60066,0.00016543,0.00016543,0.19371
0.17153,0.00071174,0.38505,0.00071174,0.44199
0.23389,0.0053915,0.0053915,0.00025674,0.75507
0.31574,0.00085106,0.34128,0.0093617,0.33277
0.13501,0.16863,0.3479,0.017367,0.33109
0.080471,0.67341,0.00047059,0.00047059,0.24518
0.00036563,0.12102,0.00036563,0.62194,0.25631
0.26778,0.00047733,0.0052506,0.091169,0.63532
0.19584,0.09605,0.050312,0.058628,0.59917
0.18403,0.0003992,0.60719,0.0003992,0.20798
0.039482,0.00064725,0.20777,0.052427,0.69968
0.0001487,0.8284,0.043271,0.026914,0.10126
0.00045767,0.55423,0.00045767,0.22014,0.22471
0.00051414,0.00051414,0.00051414,0.14961,0.84884
0.5366,0.0004662,0.028438,0.0004662,0.43403
0.14004,0.025109,0.00012492,0.46983,0.3649
0.22995,0.12122,0.0039103,0.47601,0.16891
0.81009,0.13359,0.020326,0.0032583,0.032739
0.05269,0.19062,0.45269,0.038897,0.2651
0.55799,0.10292,0.051575,0.070245,0.21727
0.53645,0.00062305,0.00062305,0.069159,0.39315
0.0010481,0.0096236,0.51081,0.021058,0.45746
0.23563,0.14113,0.021844,0.18451,0.41689
0.16986,0.00031397,0.19184,0.36766,0.27033
0.00097561,0.27415,0.010732,0.00097561,0.71317
0.00057971,0.34841,0.029565,0.12232,0.49913
0.41053,0.47297,0.0037467,0.00017841,0.11258
0.0065523,0.00031201,0.081435,0.00031201,0.91139
0.12525,0.00065574,0.11213,0.00065574,0.76131
0.00046189,0.00046189,0.028176,0.023557,0.94734
0.081934,0.27532,0.00050891,0.00050891,0.64173
0.020743,0.00025608,0.00025608,0.24353,0.73521
0.016342,0.063035,0.00077821,0.00077821,0.91907
0.049322,0.00054201,0.0059621,0.016802,0.92737
0.0003643,0.047723,0.10965,0.17158,0.67067
0.10285,0.00037951,0.25844,0.00037951,0.63795
0.00085106,0.00085106,0.22213,0.00085106,0.77532
0.0031838,0.052388,0.00028944,0.0089725,0.93517
0.00047059,0.00047059,0.056941,0.35341,0.58871
7.8339e-05,0.043948,7.8339e-05,0.070584,0.88531
0.00082305,0.00082305,0.0090535,0.00082305,0.98848
0.33815,0.00080321,0.00080321,0.0088353,0.65141
0.26354,0.00030257,0.00030257,0.2938,0.44206
0.13344,0.61597,0.10682,0.00033278,0.14343
0.0069433,0.6166,0.00016935,0.059441,0.31685
0.05047,0.28319,0.43024,0.12566,0.11043
0.0036851,0.71055,0.030486,0.23484,0.020436
0.44821,0.053188,0.00031104,0.0096423,0.48865
0.71093,0.00012492,0.028857,0.21749,0.042598
0.68508,0.14091,0.06543,0.10037,0.0082093
0.0007326,0.16923,0.15458,0.0080586,0.6674
0.30306,0.00036036,0.29586,0.072432,0.32829
0.57749,0.047004,0.023033,0.3211,0.031371
0.37293,0.14446,0.00035149,0.00035149,0.4819
0.00059701,0.63343,0.00059701,0.030448,0.33493
0.66495,0.23632,7.6953e-05,0.053944,0.04471
0.69478,0.021567,0.016421,0.24426,0.022971
0.098378,0.033514,0.0010811,0.0010811,0.86595
0.0005698,0.14872,0.0005698,0.54188,0.30826
0.18609,0.37159,0.0063768,0.00057971,0.43536
0.0065914,0.83037,0.11199,0.048003,0.0030476
0.00071685,0.00071685,0.050896,0.33047,0.6172
0.090893,0.046588,0.23589,0.092683,0.53394
0.00016116,0.72861,0.20161,0.00016116,0.06946
0.39025,0.053048,0.43021,0.041631,0.084852
0.0011173,0.0011173,0.0011173,0.26927,0.72737
0.0011561,0.0011561,0.0011561,0.39422,0.60231
0.0011561,0.0011561,0.035838,0.34798,0.61387
0.00068729,0.090034,0.062543,0.13814,0.70859
0.63597,9.7229e-05,0.019543,0.25289,0.091492
0.45468,0.091368,0.19832,0.25079,0.0048468
0.00084388,0.00084388,0.00084388,0.23713,0.76034
0.068456,0.0013423,0.0013423,0.014765,0.91409
0.4102,0.032605,0.031485,0.24773,0.27798
0.28578,0.31455,0.0030544,0.38321,0.013404
0.00059701,0.00059701,0.012537,0.4603,0.52597
0.00045558,0.41959,0.13713,0.018679,0.42415
0.00085837,0.00085837,0.00085837,0.57597,0.42146
0.0039329,0.826,0.03271,0.049017,0.088345
0.0012121,0.0012121,0.0012121,0.49818,0.49818
0.00095694,0.00095694,0.00095694,0.54641,0.45072
0.00095694,0.00095694,0.00095694,0.46029,0.53684
0.063365,9.1701e-05,0.043191,0.015681,0.87767
0.00043764,0.19737,0.00043764,0.53873,0.26302
0.0010582,0.0010582,0.0010582,0.50899,0.48783
0.10833,0.75862,0.057658,0.031555,0.043839
0.12337,0.00076628,0.1387,0.46054,0.27663
0.0013245,0.0013245,0.0013245,0.27947,0.71656
0.0070288,0.17316,0.051757,0.00063898,0.76741
0.43793,0.17306,0.00022447,0.19327,0.19551
0.00011217,0.99619,0.0034773,0.00011217,0.00011217
0.56624,0.00014937,0.00014937,0.00014937,0.43331
0.012309,0.32047,8.7298e-05,0.083021,0.58411
0.20831,0.13709,0.20831,0.00059347,0.4457
0.00082305,0.00082305,0.32181,0.00082305,0.67572
0.12589,0.031596,0.0018197,0.16063,0.68007
0.00023557,0.48787,0.037927,0.11095,0.36302
0.00047733,0.20573,0.19618,0.11026,0.48735
0.09972,0.034807,0.28439,0.14673,0.43436
0.069013,0.31997,0.00015302,0.60306,0.0078041
0.00022753,0.13902,0.0025028,0.71468,0.14357
0.12258,0.10824,0.00071685,0.10824,0.66022
0.72416,0.000181,0.000181,0.03095,0.24452
0.0074576,0.61085,0.00067797,0.00067797,0.38034
0.23814,0.09472,0.24129,0.16091,0.26493
0.028612,0.038577,0.0029893,0.84569,0.084128
0.79687,0.12262,0.0002845,0.0002845,0.079943
0.12926,0.19537,0.033388,0.43339,0.2086
0.0064722,0.011905,0.00029036,0.98132,9.3664e-06
0.28154,0.17988,0.45811,0.052541,0.027929
0.38685,0.00019627,0.08263,0.34171,0.18862
0.23204,0.018414,0.04178,0.55249,0.15527
0.16675,0.11481,0.047273,0.00051948,0.67065
0.00064309,0.3865,0.084244,0.19357,0.33505
0.12435,0.002964,0.57459,0.27819,0.019901
0.081801,0.090125,0.016723,0.19077,0.62058
0.48083,0.0877,0.0046727,0.37656,0.050241
7.3828e-05,0.9997,7.3828e-05,7.3828e-05,7.3828e-05
0.001882,0.55962,0.01728,0.40222,0.018991
0.0010811,0.4227,0.0010811,0.0010811,0.57405
0.73207,0.17601,0.086863,0.0034489,0.0016156
0.41883,0.47863,0.00022148,0.00022148,0.1021
0.029374,0.00011703,0.0012873,0.9691,0.00011703
0.28776,0.00016434,0.1908,0.011668,0.50961
0.44961,0.00052219,0.037076,0.00052219,0.51227
0.052495,0.055186,0.70526,0.18076,0.0063012
0.24631,0.00018232,0.18432,0.16244,0.40675
0.39228,0.00059347,0.10148,0.11335,0.39228
0.0012579,0.013836,0.0012579,0.026415,0.95723
0.71432,0.22454,0.016885,0.0095438,0.034714
0.0048747,0.040577,6.8658e-05,0.83357,0.12091
0.025658,0.85753,0.0090586,0.093479,0.014276
0.26367,0.00069204,0.097578,0.21522,0.42284
0.043416,0.40641,0.00071174,0.00071174,0.54875
0.00039139,0.22348,0.00039139,0.18043,0.5953
0.034819,0.77301,0.0084629,0.12789,0.055822
0.034735,0.028798,9.8961e-05,0.81455,0.12182
0.74309,0.00022857,0.00022857,0.041371,0.21509
0.29246,0.00048662,0.11727,0.09781,0.49197
0.043236,0.30367,0.010367,0.28597,0.35676
0.016173,0.59744,0.00016013,0.28038,0.10584
0.00021119,0.55987,0.00021119,0.25153,0.18817
0.00017316,0.89714,0.017489,0.062511,0.022684
0.23512,0.13756,0.00097561,0.069268,0.55707
0.24853,0.5291,0.032417,0.00018957,0.18976
0.70049,0.16789,0.0031697,0.12788,0.00057158
0.3066,0.050062,0.00024907,0.0401,0.60299
0.00010422,0.9975,0.00010422,0.00010422,0.0021886
0.00026774,0.91861,0.00026774,0.0056225,0.075234
0.44278,0.050481,0.00014804,0.42946,0.077128
0.26176,0.00047506,0.00047506,0.024228,0.71306
0.84939,0.037851,0.056022,0.032242,0.024499
0.12695,0.43812,0.07509,0.35206,0.0077793
8.0032e-05,0.22657,8.0032e-05,0.38984,0.38343
0.066374,0.76527,0.00043956,0.00043956,0.16747
0.019905,0.00094787,0.3327,0.00094787,0.6455
7.654e-05,0.055186,7.654e-05,0.94458,7.654e-05
0.00069908,0.87963,0.035017,0.084588,6.3553e-05
0.0004415,0.47726,0.035762,0.071082,0.41545
0.2597,0.010513,0.00012979,0.66593,0.063725
0.092871,0.038921,0.050482,0.62852,0.18921
0.00094787,0.00094787,0.019905,0.16209,0.81611
0.31942,0.27412,0.18574,0.17014,0.050576
0.48956,0.00010283,0.24175,0.13378,0.13481
0.015459,0.00075128,0.98102,0.00064547,0.0021269
0.0002594,0.71102,0.0054475,0.28301,0.0002594
0.013166,0.35799,0.044514,0.069592,0.51473
0.069098,0.00020263,0.00020263,0.093414,0.83708
0.0012903,0.0012903,0.014194,0.0012903,0.98194
0.0007326,0.015385,0.015385,0.0007326,0.96777
0.0057143,0.12,0.11481,0.00051948,0.75896
0.00046189,0.00046189,0.00046189,0.00046189,0.99815
0.027512,0.00019512,0.13678,0.062634,0.77288
0.17158,0.0003643,0.0076503,0.047723,0.77268
0.045598,0.00045147,0.00045147,0.00045147,0.95305
0.012613,0.0006006,0.0006006,0.18679,0.7994
0.012181,0.00039293,0.00039293,0.090766,0.89627
0.00043573,0.14423,0.07451,0.00043573,0.78039
0.12127,0.19111,0.00063492,0.00063492,0.68635
0.0017094,0.0017094,0.0017094,0.0017094,0.99316
0.00023557,0.00023557,0.00023557,0.089753,0.90954
