0.20369,0.68369,0.056,0.043692,0.012923
0.00087336,0.00087336,0.18428,0.00087336,0.8131
0.013127,0.11609,0.0002574,0.52278,0.34775
0.0011299,0.0011299,0.15932,0.091525,0.74689
0.77488,0.10211,0.085261,0.037701,4.9542e-05
0.00047962,0.00047962,0.00047962,0.99808,0.00047962
0.041509,0.014555,0.00017969,0.68482,0.25894
0.097143,0.11619,0.0019048,0.78286,0.0019048
0.0020202,0.8303,0.0020202,0.16364,0.0020202
0.53821,0.001626,0.001626,0.45691,0.001626
0.38018,0.14595,0.0018018,0.47027,0.0018018
0.21143,0.78286,0.0019048,0.0019048,0.0019048
0.16078,0.043137,0.0039216,0.78824,0.0039216
0.026506,0.0024096,0.0024096,0.96627,0.0024096
0.73399,0.18631,0.073839,0.005379,0.000489
0.0019802,0.12079,0.0019802,0.79406,0.081188
0.85778,0.14032,0.00063492,0.00063492,0.00063492
0.51141,0.0013423,0.0013423,0.48456,0.0013423
0.030542,0.010837,0.030542,0.40493,0.52315
0.0028169,0.48169,0.0028169,0.50986,0.0028169
0.7541,0.22479,0.020436,0.00033501,0.00033501
0.63805,0.25758,0.00051414,0.00051414,0.10334
0.0024096,0.58072,0.0024096,0.41205,0.0024096
0.00042105,0.00042105,0.093053,0.90568,0.00042105
0.050374,0.095262,0.00049875,0.79352,0.060349
0.20727,0.32848,0.14667,0.31636,0.0012121
0.21345,0.00056022,0.44314,0.3423,0.00056022
0.45778,0.15984,0.00016461,0.38206,0.00016461
0.1195,0.057391,0.62385,0.00024845,0.19901
0.019949,0.85237,0.044209,0.05858,0.024894
0.18476,0.19746,0.013333,0.013333,0.59111
0.082081,0.0011561,0.0011561,0.19769,0.71792
0.027815,0.0013245,0.0013245,0.09404,0.8755
0.2,0.22198,0.11209,0.0021978,0.46374
0.027783,0.67606,0.033695,0.049458,0.213
0.0011299,0.21582,0.012429,0.0011299,0.76949
0.00044346,0.17339,0.00044346,0.30643,0.51929
0.21582,0.24972,0.023729,0.5096,0.0011299
0.021189,0.0005168,0.021189,0.67752,0.27959
0.12621,0.00041929,0.00041929,0.50356,0.36939
0.047507,0.00058651,0.00058651,0.8393,0.11202
0.020875,0.014141,0.0006734,0.96364,0.0006734
0.16145,0.00080321,0.00080321,0.83614,0.00080321
0.53774,0.00077821,0.00077821,0.45992,0.00077821
0.00061162,0.22691,0.00061162,0.77125,0.00061162
0.00065147,0.41759,0.00065147,0.49577,0.085342
0.1337,0.3989,0.1116,0.3547,0.001105
0.43238,0.00063492,0.00063492,0.46413,0.10222
0.029039,0.000409,0.000409,0.95746,0.012679
0.09526,0.00045147,0.00045147,0.48352,0.42032
0.00038536,0.00038536,0.00038536,0.94836,0.050482
0.054545,0.0004914,0.0004914,0.61966,0.32482
0.073016,0.0095238,0.00045351,0.8576,0.05941
0.026198,0.00063898,0.11565,0.85687,0.00063898
0.1629,0.093333,0.74261,0.00057971,0.00057971
0.0010811,0.17405,0.19568,0.62811,0.0010811
0.055604,0.32926,0.00029112,0.0061135,0.60873
0.14745,0.32263,0.43942,0.0014599,0.089051
0.33608,0.38749,0.00017138,0.05844,0.21782
0.5014,0.37715,0.040481,0.076553,0.0044088
0.00093023,0.24279,0.084651,0.019535,0.65209
0.00031596,0.23728,0.30363,0.21833,0.24044
0.0011696,0.70292,0.0011696,0.059649,0.23509
0.00095694,0.00095694,0.91005,0.00095694,0.087081
0.00071685,0.00071685,0.78925,0.20143,0.0078853
0.00018639,0.17726,0.069152,0.66002,0.093383
0.15681,0.51987,0.32269,0.00031299,0.00031299
0.15907,0.084651,0.00093023,0.75442,0.00093023
0.000489,0.37213,0.000489,0.054279,0.57262
0.67862,0.0090713,0.13002,0.18186,0.00043197
0.28093,0.14864,0.50661,0.063035,0.00077821
0.021982,0.30667,0.67063,0.00036036,0.00036036
0.98323,0.00023532,0.016494,2.1393e-05,2.1393e-05
0.42872,0.00050378,0.38338,0.17683,0.010579
0.082633,0.12863,0.78842,0.0001586,0.0001586
0.37086,0.1684,0.21778,0.21778,0.025185
0.00053908,0.00053908,0.79299,0.20539,0.00053908
0.084947,0.0072085,0.90756,0.00014134,0.00014134
0.0081181,0.34022,0.44354,0.00073801,0.20738
0.0015748,0.25354,0.0015748,0.74173,0.0015748
0.28789,0.00089686,0.00089686,0.69148,0.018834
0.16474,0.37751,0.42006,0.037082,0.0006079
0.070407,0.0002805,0.92875,0.0002805,0.0002805
0.43309,0.14532,0.0014388,0.10216,0.31799
0.59932,0.00033841,0.00033841,0.37936,0.020643
0.00092166,0.037788,0.95945,0.00092166,0.00092166
0.0916,0.021202,0.88327,0.0011915,0.0027377
0.20069,0.010052,0.080917,0.70137,0.0069709
0.11166,0.099387,0.7865,0.001227,0.001227
0.019682,8.1666e-05,0.98007,8.1666e-05,8.1666e-05
0.16149,0.31793,0.00024067,0.017088,0.50325
0.0005571,0.056267,0.70808,0.0005571,0.23454
0.60399,0.00049875,0.39451,0.00049875,0.00049875
0.23736,0.00045558,0.74761,0.00045558,0.014123
0.0003252,0.094634,0.38732,0.31577,0.20195
0.00036697,0.070092,0.015046,0.00036697,0.91413
0.23586,0.015172,0.0013793,0.74621,0.0013793
7.5047e-05,0.90214,0.017336,0.0075797,0.072871
0.00012682,0.012809,0.13456,0.84731,0.0051997
0.00018605,0.00018605,0.98809,0.00018605,0.011349
0.03298,0.00019286,0.88737,0.00019286,0.079267
0.17709,0.00088106,0.00088106,0.58238,0.23877
0.039737,0.052874,0.00032841,0.85747,0.049589
0.079004,0.093238,0.043416,0.64128,0.14306
0.00047962,0.00047962,0.00047962,0.99808,0.00047962
0.49577,0.3785,0.11792,0.00065147,0.0071661
0.34054,0.36916,0.00031797,0.28967,0.00031797
0.51304,0.00096618,0.00096618,0.4744,0.010628
0.040227,0.40283,0.017564,0.28385,0.25552
0.048497,0.16874,0.11663,0.60561,0.060521
0.00043956,0.16747,0.00043956,0.12791,0.70374
0.22985,0.00099502,0.00099502,0.76716,0.00099502
0.015431,0.00030257,0.081997,0.90197,0.00030257
0.010742,0.11304,0.00051151,0.87519,0.00051151
0.11634,8.8067e-05,0.00096874,0.88252,8.8067e-05
0.00093897,0.00093897,0.00093897,0.98685,0.010329
0.029384,0.5981,0.00094787,0.37062,0.00094787
0.2092,0.032212,0.29416,0.45699,0.0074336
0.81954,0.12931,0.029522,0.0004158,0.021206
0.46128,0.0061084,0.041576,0.4869,0.0041379
0.074131,0.10009,0.21287,0.61233,0.00056795
0.18011,0.00038241,0.81874,0.00038241,0.00038241
0.1388,0.25902,0.051366,0.10237,0.44845
0.00014399,0.34284,0.57898,0.00014399,0.077898
0.066438,0.75187,0.082595,0.058115,0.040979
0.10423,0.00093897,0.11362,0.38592,0.39531
0.11178,0.13747,0.056103,0.48437,0.21028
0.00012293,0.44757,0.46847,0.00012293,0.083712
0.30063,0.49514,0.021564,0.18224,0.00042283
0.037638,0.00073801,0.6797,0.28118,0.00073801
0.679,0.25177,0.010837,0.058307,8.9566e-05
0.021561,0.22173,0.49964,0.019906,0.23717
0.63852,0.19407,0.016296,0.13481,0.016296
0.0076125,0.29135,0.69965,0.00069204,0.00069204
0.045018,0.54686,0.34022,0.067159,0.00073801
0.92117,0.0054207,0.073385,1.1758e-05,1.1758e-05
0.85923,0.086695,0.00085837,0.00085837,0.052361
0.10387,0.034989,0.049463,0.81163,4.9913e-05
0.089251,0.0089034,0.63865,0.26298,0.00021716
0.089456,0.19919,0.011334,0.04746,0.65256
0.0013986,0.0013986,0.1972,0.7986,0.0013986
0.016296,0.0014815,0.17926,0.80148,0.0014815
0.0014815,0.0014815,0.25333,0.74222,0.0014815
0.00084388,0.00084388,0.28776,0.7097,0.00084388
0.03643,0.043695,0.048884,0.039543,0.83145
4.4673e-05,0.10592,0.15283,0.16935,0.57186
0.001005,0.001005,0.30251,0.69447,0.001005
0.0019802,0.12079,0.0019802,0.87327,0.0019802
0.099815,0.20566,0.018585,0.21305,0.46289
0.053938,0.052534,0.86118,0.0078899,0.024456
0.00072202,0.00072202,0.23177,0.76606,0.00072202
0.64845,0.12451,0.19775,0.028732,0.00056338
0.18486,0.0010811,0.57405,0.23892,0.0010811
0.71344,0.013293,0.11273,0.097514,0.063014
0.0015748,0.0015748,0.11181,0.88346,0.0015748
0.013018,0.036686,0.2142,0.73491,0.0011834
0.047953,0.0011696,0.059649,0.89006,0.0011696
0.04506,0.079561,0.00010455,0.7999,0.075379
0.069867,0.00053333,0.62987,0.1872,0.11253
0.17584,0.0013423,0.0013423,0.82013,0.0013423
0.68542,0.081989,0.10121,0.065274,0.066109
0.22759,0.00098522,0.76946,0.00098522,0.00098522
0.0017699,0.0017699,0.16106,0.83363,0.0017699
0.88289,0.00076046,0.11483,0.00076046,0.00076046
0.070636,0.40622,0.26549,0.10582,0.15183
0.072247,0.0014166,0.92608,0.00012878,0.00012878
0.0033735,0.76643,0.022651,0.1608,0.046747
0.10774,9.6108e-05,0.051033,0.83047,0.010668
0.3603,0.24794,0.00074906,0.39026,0.00074906
0.0010471,0.0010471,0.40942,0.50366,0.084817
0.036209,0.00018957,0.00018957,0.87981,0.083602
0.54705,0.15568,0.00028777,0.12978,0.16719
0.46458,0.00062696,0.025705,0.50846,0.00062696
0.1808,0.035502,0.043083,0.74049,0.00012634
0.12841,0.15334,0.71612,0.00017809,0.001959
0.0002642,0.03461,0.56301,0.076882,0.32523
0.21233,0.40617,0.23877,0.14185,0.00088106
0.0023037,0.87351,0.1133,0.010681,0.00020942
0.00079681,0.00079681,0.96494,0.032669,0.00079681
0.10028,0.12623,0.57294,0.03355,0.16701
0.00016461,0.00016461,0.2372,0.51868,0.24379
0.59023,0.37033,0.00034904,0.035253,0.0038394
0.14858,0.00043573,0.85011,0.00043573,0.00043573
0.016416,0.0024558,0.92588,0.04342,0.011831
0.016447,0.098054,0.83126,0.035279,0.018958
0.025606,0.55386,0.014072,0.12249,0.28397
0.14896,0.58547,0.048694,0.10513,0.11174
0.23769,0.56596,0.0006079,0.012766,0.18298
0.27089,0.00084388,0.54093,0.00084388,0.1865
0.0033789,0.16106,0.32518,0.008206,0.50217
0.027076,0.86225,0.027076,0.074519,0.0090798
0.027346,0.63883,0.18163,0.13482,0.017378
8.2338e-05,8.2338e-05,0.99967,8.2338e-05,8.2338e-05
0.78087,0.00019324,0.14705,0.071691,0.00019324
0.0014388,0.10216,0.51942,0.28921,0.08777
0.067404,0.79351,0.090444,0.02079,0.027848
0.047145,0.079356,0.87291,0.00029283,0.00029283
0.00012666,0.00012666,0.17239,0.81963,0.0077264
0.23432,0.21823,0.00017873,0.5471,0.00017873
0.27896,0.6479,0.020065,0.052427,0.00064725
0.036361,0.0017792,0.1168,0.84177,0.0032828
0.00020346,0.40916,0.061241,0.15483,0.37457
0.00070175,0.71649,0.070877,0.15509,0.056842
0.0016807,0.64034,0.0016807,0.35462,0.0016807
0.058338,0.85518,0.065616,0.0073984,0.013463
0.1215,0.014963,0.048649,0.81481,7.8339e-05
0.023067,5.3519e-05,0.020926,0.9559,5.3519e-05
0.19644,0.00088889,0.063111,0.70311,0.036444
0.00090498,0.064253,0.76109,0.028054,0.1457
0.58282,0.00047733,0.00047733,0.41575,0.00047733
0.044599,0.018996,0.079575,0.85292,0.003909
0.26353,0.0012175,0.43177,0.28013,0.023354
0.0002649,0.85854,0.071788,0.069139,0.0002649
0.40188,0.063323,0.00062696,0.3768,0.15737
0.31403,0.19035,0.40452,0.069683,0.021418
0.27934,0.00018365,0.04977,0.62461,0.046097
0.78407,0.00025284,0.00025284,0.16966,0.045765
0.048248,0.0022022,0.93914,0.01021,0.0002002
0.27337,0.68757,0.036686,0.0011834,0.0011834
0.61396,0.16871,0.15187,0.050782,0.014681
0.10956,0.59353,0.25765,0.038638,0.00062411
0.034326,0.45135,0.04,0.47121,0.0031206
0.010019,0.0013605,0.98837,0.00012369,0.00012369
0.37056,0.0094082,0.61942,0.00030349,0.00030349
0.00018002,0.2342,0.61224,0.0037804,0.14959
0.00054795,0.84438,0.071781,0.055342,0.027945
0.077107,0.78063,0.08612,0.019997,0.036149
0.041209,0.081067,0.86024,0.00070717,0.016779
0.48709,0.032772,0.15018,0.31863,0.011332
0.43106,0.022343,0.46376,0.076839,0.0059946
0.27861,0.0011561,0.0011561,0.0011561,0.71792
8.3438e-05,8.3438e-05,0.96963,0.030121,8.3438e-05
0.13913,7.0947e-05,0.85711,0.0036183,7.0947e-05
0.20617,0.00051414,0.74602,0.046787,0.00051414
0.030887,0.092383,0.0015374,0.014116,0.86108
0.16923,0.089826,0.59107,0.14938,0.00049628
0.42166,0.39618,0.0012739,0.16688,0.014013
0.59933,0.083172,0.019387,0.20906,0.089047
0.00011799,0.26206,0.00011799,0.15587,0.58183
0.00078379,0.0086217,1.1039e-05,0.0018877,0.9887
0.00030349,0.015478,0.98361,0.00030349,0.00030349
0.70526,0.097976,0.05749,0.025101,0.11417
0.019718,0.060888,0.00021668,0.86046,0.058722
0.27218,0.0015038,0.0015038,0.72331,0.0015038
0.00083682,0.00083682,0.00083682,0.97992,0.017573
0.086533,0.00057307,0.017765,0.79713,0.097994
0.02108,0.00051414,0.010797,0.9054,0.062211
0.00020346,0.049034,0.075483,0.753,0.12228
0.00038536,0.062042,0.062042,0.46281,0.41272
0.052468,0.16675,0.00051948,0.74338,0.036883
0.11843,0.00078431,0.35373,0.52627,0.00078431
0.030937,0.00043573,0.048366,0.91983,0.00043573
0.15088,0.11579,0.00050125,0.4416,0.29123
0.22062,0.30997,0.30997,0.15189,0.0075601
0.041584,0.0019802,0.0019802,0.95248,0.0019802
0.00025094,0.00025094,0.00025094,0.72045,0.2788
