0.0016807,0.0016807,0.035294,0.0016807,0.0016807,0.0016807,0.0016807,0.0016807,0.0016807,0.0016807,0.0016807,0.018487,0.92605,0.0016807,0.0016807
0.00028289,0.00028289,0.0031117,0.025743,0.062518,0.00028289,0.00028289,0.00028289,0.00028289,0.00028289,0.71033,0.00028289,0.18982,0.00028289,0.0059406
0.00046404,0.00046404,0.00046404,0.00046404,0.00046404,0.056148,0.00046404,0.00046404,0.00046404,0.00046404,0.27425,0.0051044,0.6594,0.00046404,0.00046404
0.00032949,0.00032949,0.00032949,0.043163,0.1486,0.00032949,0.00032949,0.0069193,0.00032949,0.00032949,0.066227,0.00032949,0.7318,0.00032949,0.00032949
0.023015,0.00032415,0.029498,0.00032415,0.00032415,0.00032415,0.27909,0.00032415,0.01329,0.00032415,0.25964,0.042464,0.35041,0.00032415,0.00032415
0.00027435,0.00027435,0.0030178,0.43374,0.038683,0.00027435,0.00027435,0.00027435,0.00027435,0.00027435,0.50782,0.0030178,0.011248,0.00027435,0.00027435
0.022222,0.0020202,0.0020202,0.0020202,0.0020202,0.0020202,0.0020202,0.0020202,0.022222,0.0020202,0.0020202,0.0020202,0.93131,0.0020202,0.0020202
0.00080321,0.00080321,0.00080321,0.2257,0.18554,0.12932,0.00080321,0.00080321,0.00080321,0.00080321,0.00080321,0.00080321,0.4506,0.00080321,0.00080321
0.0058981,0.00053619,0.00053619,0.091689,0.00053619,0.00053619,0.00053619,0.00053619,0.00053619,0.00053619,0.032708,0.00053619,0.86381,0.00053619,0.00053619
0.00084388,0.00084388,0.19494,0.00084388,0.00084388,0.00084388,0.00084388,0.00084388,0.00084388,0.0092827,0.16962,0.00084388,0.61688,0.00084388,0.00084388
0.00093023,0.00093023,0.019535,0.00093023,0.00093023,0.14977,0.084651,0.00093023,0.00093023,0.00093023,0.00093023,0.00093023,0.6893,0.047442,0.00093023
0.00035398,0.00035398,0.00035398,0.00035398,0.0038938,0.26938,0.00035398,0.021593,0.025133,0.14903,0.00035398,0.00035398,0.48885,0.039292,0.00035398
0.0004158,0.26653,0.0004158,0.11268,0.0004158,0.16674,0.0004158,0.071102,0.0004158,0.0004158,0.11684,0.0004158,0.26237,0.0004158,0.0004158
0.00041408,0.00041408,0.00041408,0.00041408,0.00041408,0.0045549,0.00041408,0.00041408,0.00041408,0.00041408,0.0086957,0.00041408,0.98178,0.00041408,0.00041408
0.00071174,0.00071174,0.014947,0.064769,0.00071174,0.00071174,0.00071174,0.00071174,0.00071174,0.00071174,0.00071174,0.00071174,0.91174,0.00071174,0.00071174
0.00047059,0.00047059,0.104,0.00047059,0.00047059,0.00047059,0.00047059,0.00047059,0.00047059,0.00047059,0.00047059,0.32047,0.37224,0.19812,0.00047059
0.00034072,0.00034072,0.00034072,0.020784,0.00034072,0.00034072,0.00034072,0.00034072,0.00034072,0.00034072,0.024191,0.00034072,0.95094,0.00034072,0.00034072
0.00052493,0.00052493,0.00052493,0.00052493,0.00052493,0.00052493,0.00052493,0.00052493,0.00052493,0.00052493,0.35748,0.00052493,0.6357,0.00052493,0.00052493
0.00051151,0.00051151,0.00051151,0.026087,0.031202,0.00051151,0.00051151,0.00051151,0.00051151,0.00051151,0.24604,0.00051151,0.57852,0.00051151,0.11304
0.0004008,0.0044088,0.0004008,0.016433,0.048497,0.0004008,0.0004008,0.0004008,0.0004008,0.0044088,0.012425,0.0004008,0.91022,0.0004008,0.0004008
0.0005571,0.0005571,0.0005571,0.0005571,0.0005571,0.0005571,0.0005571,0.01727,0.045125,0.0005571,0.65237,0.0005571,0.27354,0.0061281,0.0005571
0.00029806,0.00029806,0.00029806,0.20596,0.077794,0.015201,0.00029806,0.027124,0.00029806,0.00029806,0.018182,0.0032787,0.65007,0.00029806,0.00029806
0.009611,0.00045767,0.00045767,0.014188,0.023341,0.00045767,0.00045767,0.1103,0.00045767,0.00045767,0.11945,0.00045767,0.71899,0.00045767,0.00045767
0.23196,0.00055096,0.00055096,0.01708,0.00055096,0.00055096,0.00055096,0.033609,0.00055096,0.00055096,0.00055096,0.00055096,0.64518,0.00055096,0.066667
0.00050633,0.00050633,0.00050633,0.010633,0.00050633,0.00050633,0.00050633,0.066329,0.030886,0.00050633,0.44608,0.00050633,0.44101,0.00050633,0.00050633
0.16499,0.0005305,0.0005305,0.14907,0.0005305,0.0005305,0.032361,0.0005305,0.0005305,0.0005305,0.19682,0.016446,0.43554,0.0005305,0.0005305
6.6912e-05,0.0014052,6.6912e-05,0.010773,0.53135,0.0087655,6.6912e-05,6.6912e-05,6.6912e-05,6.6912e-05,0.27976,6.6912e-05,0.15396,0.011442,0.0020743
0.025684,0.00042105,0.0046316,0.00042105,0.00042105,0.00042105,0.37095,0.00042105,0.00042105,0.00042105,0.25726,0.00042105,0.33726,0.00042105,0.00042105
0.00047733,0.00047733,0.00047733,0.029117,0.00047733,0.60191,0.00047733,0.00047733,0.00047733,0.00047733,0.25346,0.00047733,0.11026,0.00047733,0.00047733
0.043038,0.00084388,0.00084388,0.00084388,0.00084388,0.017722,0.00084388,0.00084388,0.00084388,0.00084388,0.00084388,0.00084388,0.92068,0.00084388,0.0092827
0.00048193,0.00048193,0.00048193,0.00048193,0.17398,0.00048193,0.00048193,0.00048193,0.00048193,0.00048193,0.034217,0.0053012,0.7812,0.00048193,0.00048193
0.0006006,0.0006006,0.0006006,0.0006006,0.0006006,0.0006006,0.0006006,0.0006006,0.0006006,0.012613,0.44505,0.090691,0.43904,0.0006006,0.0066066
0.00026212,0.00026212,0.14443,0.00026212,0.00026212,0.0028834,0.00026212,0.00026212,0.00026212,0.00026212,0.0028834,0.31743,0.52451,0.0055046,0.00026212
0.00033278,0.00033278,0.00033278,0.36639,0.00033278,0.00033278,0.00033278,0.0036606,0.00033278,0.00033278,0.62596,0.00033278,0.00033278,0.00033278,0.00033278
0.2057,0.023362,0.0005698,0.046154,0.011966,0.0005698,0.0005698,0.017664,0.0005698,0.0005698,0.034758,0.0005698,0.63305,0.023362,0.0005698
0.004878,0.00044346,0.004878,0.00044346,0.16896,0.00044346,0.00044346,0.00044346,0.00044346,0.00044346,0.17339,0.004878,0.63902,0.00044346,0.00044346
0.18185,0.00030257,0.0033283,0.066868,0.024508,0.00030257,0.03056,0.0093797,0.00030257,0.0033283,0.1062,0.00030257,0.51467,0.00030257,0.057791
0.00044543,0.0093541,0.00044543,0.35679,0.00044543,0.00044543,0.00044543,0.00044543,0.00044543,0.00044543,0.28107,0.00044543,0.34788,0.00044543,0.00044543
0.00018536,0.0057461,0.0038925,0.0595,0.00018536,0.00018536,0.00018536,0.0075996,0.00018536,0.00018536,0.053939,0.0057461,0.86209,0.00018536,0.00018536
0.023755,0.00076628,0.09272,0.00076628,0.00076628,0.00076628,0.00076628,0.00076628,0.00076628,0.00076628,0.054406,0.00076628,0.81303,0.0084291,0.00076628
0.00079681,0.00079681,0.00079681,0.00079681,0.00079681,0.25578,0.00079681,0.00079681,0.00079681,0.00079681,0.00079681,0.00079681,0.73386,0.00079681,0.00079681
0.00040241,0.00040241,0.048692,0.00040241,0.00040241,0.00040241,0.0044266,0.00040241,0.00040241,0.00040241,0.0084507,0.00040241,0.934,0.00040241,0.00040241
0.034711,0.0016529,0.0016529,0.0016529,0.0016529,0.0016529,0.0016529,0.05124,0.0016529,0.0016529,0.0016529,0.067769,0.8281,0.0016529,0.0016529
0.13387,0.00053333,0.0752,0.00053333,0.00053333,0.00053333,0.0058667,0.0112,0.00053333,0.00053333,0.00053333,0.00053333,0.75253,0.00053333,0.016533
0.043185,0.00030628,0.3709,0.083002,0.00030628,0.00030628,0.00030628,0.00030628,0.0033691,0.024809,0.076876,0.00030628,0.34334,0.052374,0.00030628
0.0037607,0.00034188,0.0071795,0.10974,0.12342,0.00034188,0.010598,0.00034188,0.00034188,0.00034188,0.15419,0.00034188,0.58838,0.00034188,0.00034188
0.0019802,0.0019802,0.0019802,0.0019802,0.0019802,0.0019802,0.0019802,0.0019802,0.0019802,0.021782,0.0019802,0.0019802,0.95248,0.0019802,0.0019802
0.00049875,0.00049875,0.00049875,0.34464,0.00049875,0.00049875,0.00049875,0.00049875,0.00049875,0.00049875,0.64888,0.00049875,0.00049875,0.00049875,0.00049875
0.00071174,0.00071174,0.00071174,0.4847,0.40641,0.036299,0.029181,0.00071174,0.00071174,0.00071174,0.022064,0.00071174,0.014947,0.00071174,0.00071174
0.057069,0.00051414,0.00051414,0.051928,0.098201,0.00051414,0.00051414,0.00051414,0.010797,0.00051414,0.00051414,0.00051414,0.77172,0.00051414,0.0056555
0.04252,0.00052493,0.00052493,0.016273,0.00052493,0.011024,0.00052493,0.00052493,0.00052493,0.00052493,0.026772,0.00052493,0.89816,0.00052493,0.00052493
0.27314,0.00028129,0.00028129,0.00028129,0.00028129,0.18031,0.0059072,0.059353,0.00028129,0.0030942,0.14937,0.0059072,0.10155,0.00028129,0.21969
0.00011827,0.00011827,0.00011827,0.15387,0.00011827,0.099468,0.00011827,0.00011827,0.00011827,0.00011827,0.62578,0.00011827,0.093554,0.00011827,0.026138
0.00061538,0.019077,0.47446,0.00061538,0.00061538,0.074462,0.00061538,0.00061538,0.00061538,0.019077,0.0067692,0.00061538,0.40062,0.00061538,0.00061538
0.00017559,0.00017559,0.0036874,0.00017559,0.32853,0.00017559,0.00017559,0.00017559,0.00017559,0.00017559,0.16874,0.18455,0.29166,0.00017559,0.021247
0.049715,0.00037951,0.00037951,0.00037951,0.00037951,0.00037951,0.00037951,0.00037951,0.00037951,0.00037951,0.0041746,0.00037951,0.94156,0.00037951,0.00037951
0.0044807,0.00040733,0.045214,0.0044807,0.00040733,0.00040733,0.00040733,0.00040733,0.00040733,0.00040733,0.60733,0.0044807,0.33035,0.00040733,0.00040733
0.00042644,0.00042644,0.00042644,0.00042644,0.00042644,0.00042644,0.26055,0.00042644,0.00042644,0.00042644,0.27761,0.00042644,0.45672,0.00042644,0.00042644
0.257,0.018228,0.00025674,0.00025674,0.00025674,0.00025674,0.12092,0.00025674,0.00025674,0.00025674,0.069576,0.054172,0.47779,0.00025674,0.00025674
0.010797,0.00051414,0.00051414,0.031362,0.00051414,0.015938,0.00051414,0.00051414,0.00051414,0.00051414,0.00051414,0.0056555,0.93111,0.00051414,0.00051414
0.00020555,0.00020555,0.08037,0.0084275,0.00020555,0.002261,0.0043165,0.00020555,0.00020555,0.00020555,0.041316,0.00020555,0.86146,0.00020555,0.00020555
0.00040568,0.00040568,0.00040568,0.00040568,0.00040568,0.04503,0.00040568,0.00040568,0.00040568,0.0044625,0.60081,0.00040568,0.34523,0.00040568,0.00040568
0.00044743,0.00044743,0.00044743,0.009396,0.28233,0.00044743,0.00044743,0.00044743,0.00044743,0.00044743,0.12573,0.00044743,0.57763,0.00044743,0.00044743
0.00013254,0.00013254,0.22147,0.027966,0.022664,0.00013254,0.021339,0.013386,0.00013254,0.00013254,0.17508,0.00013254,0.50113,0.00013254,0.016037
0.0077922,0.0040816,0.00037106,0.048609,0.18219,0.033766,0.00037106,0.00037106,0.00037106,0.0040816,0.0040816,0.030056,0.68312,0.00037106,0.00037106
0.00044743,0.00044743,0.018345,0.00044743,0.00044743,0.00044743,0.38076,0.009396,0.00044743,0.00044743,0.24653,0.009396,0.3226,0.009396,0.00044743
0.00045977,0.00045977,0.00045977,0.27632,0.00045977,0.00045977,0.00045977,0.00045977,0.00045977,0.00045977,0.69931,0.014253,0.0050575,0.00045977,0.00045977
0.00016407,0.00016407,0.00016407,0.5662,0.00016407,0.0018048,0.00016407,0.00016407,0.00016407,0.00016407,0.27744,0.00016407,0.13634,0.016571,0.00016407
0.00061538,0.012923,0.00061538,0.23446,0.17292,0.00061538,0.00061538,0.00061538,0.00061538,0.00061538,0.025231,0.00061538,0.54831,0.00061538,0.00061538
0.00061162,0.00061162,0.00061162,0.00061162,0.3737,0.012844,0.00061162,0.00061162,0.00061162,0.00061162,0.080122,0.00061162,0.52049,0.0067278,0.00061162
0.00011689,0.0012858,0.00011689,0.14623,0.00011689,0.0024547,0.00011689,0.00011689,0.00011689,0.00011689,0.20234,0.0012858,0.64535,0.00011689,0.00011689
0.04,0.00056338,0.08507,0.00056338,0.00056338,0.00056338,0.00056338,0.090704,0.00056338,0.00056338,0.00056338,0.00056338,0.77803,0.00056338,0.00056338
0.00016461,0.00016461,0.00016461,0.64049,0.00016461,0.00016461,0.0034568,0.00016461,0.00016461,0.00016461,0.24214,0.00016461,0.11045,0.00016461,0.0018107
0.00037383,0.00037383,0.045234,0.015327,0.1686,0.00037383,0.0041121,0.00037383,0.00037383,0.00037383,0.32187,0.00037383,0.4415,0.00037383,0.00037383
0.0008658,0.018182,0.0008658,0.018182,0.0095238,0.052814,0.0008658,0.0008658,0.0008658,0.0008658,0.0095238,0.0008658,0.88398,0.0008658,0.0008658
0.00045147,0.0049661,0.20361,0.0049661,0.00045147,0.00045147,0.00045147,0.013995,0.00045147,0.0049661,0.032054,0.27585,0.40226,0.054628,0.00045147
0.0012121,0.013333,0.0012121,0.098182,0.0012121,0.0012121,0.0012121,0.0012121,0.0012121,0.0012121,0.0012121,0.0012121,0.72848,0.14667,0.0012121
0.0021053,0.0021053,0.023158,0.0021053,0.0021053,0.0021053,0.0021053,0.0021053,0.0021053,0.0021053,0.0021053,0.0021053,0.88632,0.0021053,0.065263
0.0014599,0.0014599,0.0014599,0.0014599,0.24964,0.0014599,0.016058,0.0014599,0.0014599,0.0014599,0.0014599,0.0014599,0.71679,0.0014599,0.0014599
0.015292,0.00029985,0.10225,0.11724,0.030285,0.00029985,0.057271,0.00029985,0.0092954,0.0062969,0.65697,0.00029985,0.0032984,0.00029985,0.00029985
0.012717,0.0011561,0.047399,0.41734,0.29017,0.0011561,0.0011561,0.0011561,0.0011561,0.0011561,0.0011561,0.0011561,0.18613,0.035838,0.0011561
0.00022805,0.0047891,0.0025086,0.00022805,0.00022805,0.00022805,0.00022805,0.00022805,0.00022805,0.00022805,0.00022805,0.00022805,0.98997,0.00022805,0.00022805
0.018487,0.0016807,0.0016807,0.16975,0.0016807,0.035294,0.018487,0.0016807,0.0016807,0.0016807,0.0016807,0.0016807,0.74118,0.0016807,0.0016807
0.00097561,0.00097561,0.00097561,0.00097561,0.00097561,0.059512,0.21561,0.00097561,0.00097561,0.00097561,0.00097561,0.00097561,0.71317,0.00097561,0.00097561
0.054867,0.0017699,0.0017699,0.037168,0.037168,0.019469,0.0017699,0.0017699,0.0017699,0.0017699,0.0017699,0.0017699,0.83363,0.0017699,0.0017699
0.00051414,0.00051414,0.00051414,0.041645,0.00051414,0.00051414,0.00051414,0.00051414,0.015938,0.00051414,0.031362,0.00051414,0.9054,0.00051414,0.00051414
0.00088889,0.00088889,0.00088889,0.00088889,0.00088889,0.10756,0.00088889,0.00088889,0.00088889,0.00088889,0.00088889,0.00088889,0.88089,0.00088889,0.00088889
0.00024783,0.0027261,0.00024783,0.12416,0.00024783,0.00024783,0.00024783,0.00024783,0.00024783,0.0027261,0.77844,0.00024783,0.089467,0.00024783,0.00024783
0.049385,0.00022346,0.00022346,0.033743,0.0024581,0.00022346,0.00022346,0.0024581,0.21698,0.00022346,0.41587,0.00022346,0.27732,0.00022346,0.00022346
0.00085837,0.00085837,0.28412,0.19828,0.00085837,0.00085837,0.00085837,0.00085837,0.00085837,0.00085837,0.25837,0.00085837,0.24979,0.00085837,0.00085837
0.068308,0.00061538,0.00061538,0.216,0.19138,0.062154,0.00061538,0.00061538,0.00061538,0.00061538,0.00061538,0.00061538,0.456,0.00061538,0.00061538
0.00020725,0.00020725,0.0043523,0.64062,0.00020725,0.00020725,0.00020725,0.00020725,0.00020725,0.00020725,0.35254,0.00020725,0.00020725,0.00020725,0.00020725
0.00061538,0.00061538,0.44369,0.00061538,0.00061538,0.00061538,0.00061538,0.00061538,0.00061538,0.0067692,0.056,0.012923,0.47446,0.00061538,0.00061538
0.0005168,0.0005168,0.026357,0.021189,0.39328,0.0005168,0.0005168,0.0005168,0.0005168,0.0005168,0.0056848,0.0005168,0.54832,0.0005168,0.0005168
0.00062696,0.013166,0.0068966,0.24514,0.13229,0.038245,0.00062696,0.025705,0.00062696,0.00062696,0.082132,0.00062696,0.40815,0.038245,0.0068966
0.00082305,0.00082305,0.00082305,0.11605,0.11605,0.19012,0.0090535,0.0090535,0.00082305,0.00082305,0.00082305,0.00082305,0.55226,0.00082305,0.00082305
0.013544,0.00051199,4.6544e-05,4.6544e-05,0.13409,0.034024,0.010752,4.6544e-05,4.6544e-05,0.71357,0.072655,4.6544e-05,0.014941,0.0056318,4.6544e-05
0.0028052,4.5988e-05,4.5988e-05,0.068108,4.5988e-05,4.5988e-05,0.247,0.00096574,0.0060244,4.5988e-05,0.60202,4.5988e-05,0.015682,4.5988e-05,0.057071
0.019469,0.0017699,0.019469,0.14336,0.037168,0.0017699,0.0017699,0.0017699,0.0017699,0.0017699,0.0017699,0.0017699,0.76283,0.0017699,0.0017699
0.00019743,0.00019743,0.00019743,0.041658,0.00019743,0.00019743,0.00019743,0.00019743,0.0061204,0.0021718,0.84719,0.00019743,0.09694,0.0041461,0.00019743
0.00085837,0.00085837,0.00085837,0.00085837,0.0094421,0.00085837,0.00085837,0.00085837,0.0094421,0.026609,0.00085837,0.00085837,0.94506,0.00085837,0.00085837
0.000409,0.000409,0.000409,0.008589,0.35624,0.000409,0.000409,0.000409,0.000409,0.000409,0.029039,0.000409,0.60164,0.000409,0.000409
0.00037383,0.00037383,0.00037383,0.00037383,0.00037383,0.00037383,0.00037383,0.0041121,0.00037383,0.015327,0.015327,0.00037383,0.96112,0.00037383,0.00037383
0.00029283,0.00029283,0.00029283,0.035432,0.15256,0.00029283,0.0032211,0.00029283,0.0032211,0.00029283,0.061786,0.00029283,0.74114,0.00029283,0.00029283
0.00074906,0.0082397,0.00074906,0.00074906,0.00074906,0.22547,0.00074906,0.00074906,0.00074906,0.00074906,0.00074906,0.00074906,0.7573,0.00074906,0.00074906
0.00024907,0.00024907,0.0052304,0.032628,0.00024907,0.00024907,0.00024907,0.00024907,0.31656,0.00024907,0.37385,0.00024907,0.26924,0.00024907,0.00024907
0.00037244,0.00037244,0.16052,0.011546,0.018994,0.00037244,0.00037244,0.026443,0.00037244,0.01527,0.00037244,0.00037244,0.76387,0.00037244,0.00037244
0.00035778,0.00035778,0.11127,0.1864,0.00035778,0.0039356,0.00035778,0.00035778,0.00035778,0.054025,0.00035778,0.00035778,0.64079,0.00035778,0.00035778
0.00014545,0.0074182,0.00014545,0.00014545,0.00014545,0.12087,0.0016,0.00014545,0.00014545,0.00014545,0.84378,0.00014545,0.0016,0.00014545,0.023418
0.00088889,0.00088889,0.00088889,0.027556,0.14311,0.00088889,0.018667,0.00088889,0.00088889,0.00088889,0.27644,0.00088889,0.52533,0.00088889,0.00088889
0.0002805,0.0002805,0.0002805,0.1209,0.0002805,0.0002805,0.0002805,0.0002805,0.011501,0.0002805,0.49677,0.0002805,0.36774,0.0002805,0.0002805
0.25698,0.0005698,0.0062678,0.0005698,0.0005698,0.0005698,0.0005698,0.011966,0.0005698,0.051852,0.17151,0.0005698,0.4963,0.0005698,0.0005698
0.00069204,0.00069204,0.00069204,0.0076125,0.38824,0.00069204,0.00069204,0.00069204,0.021453,0.00069204,0.00069204,0.062976,0.49896,0.014533,0.00069204
0.0005168,0.0005168,0.0005168,0.078036,0.0005168,0.0005168,0.0005168,0.0005168,0.0056848,0.0005168,0.052196,0.0005168,0.8584,0.0005168,0.0005168
0.00054496,0.00054496,0.087738,0.00054496,0.16403,0.00054496,0.00054496,0.00054496,0.00054496,0.00054496,0.00054496,0.082289,0.65995,0.00054496,0.00054496
0.00093897,0.00093897,0.00093897,0.010329,0.00093897,0.24507,0.010329,0.00093897,0.00093897,0.00093897,0.00093897,0.010329,0.69577,0.019718,0.00093897
0.00027972,0.00027972,0.081399,0.0030769,0.00027972,0.00027972,0.00027972,0.045035,0.00027972,0.00027972,0.46462,0.00027972,0.40308,0.00027972,0.00027972
0.00037807,0.00037807,0.00037807,0.0041588,0.15539,0.00037807,0.00037807,0.075992,0.00037807,0.00037807,0.0079395,0.00037807,0.75274,0.00037807,0.00037807
0.3708,0.00031397,0.012873,0.00031397,0.00031397,0.00031397,0.00031397,0.00031397,0.00031397,0.00031397,0.031711,0.00031397,0.58116,0.00031397,0.00031397
0.056983,0.0011173,0.0011173,0.0011173,0.0011173,0.0011173,0.0011173,0.0011173,0.0011173,0.0011173,0.0011173,0.0011173,0.92849,0.0011173,0.0011173
0.00032733,0.0036007,0.00032733,0.046154,0.00032733,0.00032733,0.00032733,0.0036007,0.00032733,0.00032733,0.016694,0.0036007,0.92013,0.0036007,0.00032733
0.010169,0.00048426,0.00048426,0.00048426,0.015012,0.00048426,0.00048426,0.00048426,0.010169,0.00048426,0.082809,0.00048426,0.877,0.00048426,0.00048426
0.0018692,0.0018692,0.0018692,0.0018692,0.0018692,0.039252,0.0018692,0.020561,0.0018692,0.0018692,0.0018692,0.020561,0.71215,0.18879,0.0018692
0.00034662,0.00034662,0.00034662,0.035009,0.0038128,0.00034662,0.00034662,0.00034662,0.010745,0.00034662,0.91542,0.00034662,0.028076,0.00034662,0.0038128
0.00050891,0.00050891,0.071756,0.020865,0.00050891,0.1888,0.00050891,0.00050891,0.00050891,0.056489,0.081934,0.143,0.4229,0.010687,0.00050891
0.000246,0.000246,0.000246,0.17983,0.000246,0.000246,0.000246,0.000246,0.000246,0.000246,0.81697,0.000246,0.000246,0.000246,0.000246
0.066667,0.00082305,0.00082305,0.033745,0.00082305,0.00082305,0.00082305,0.00082305,0.00082305,0.00082305,0.11605,0.00082305,0.76626,0.00082305,0.0090535
0.00024907,0.00024907,0.010212,0.13724,0.00024907,0.00024907,0.00024907,0.00024907,0.00024907,0.00024907,0.79726,0.00024907,0.052553,0.00024907,0.00024907
0.0001581,0.0001581,0.0001581,0.025455,0.0001581,0.0033202,0.0001581,0.0017391,0.0001581,0.0001581,0.60885,0.0001581,0.30846,0.0001581,0.050751
0.00049628,0.00049628,0.015385,0.069975,0.00049628,0.00049628,0.00049628,0.00049628,0.00049628,0.00049628,0.12457,0.00049628,0.77965,0.0054591,0.00049628
0.00087336,0.00087336,0.009607,0.00087336,0.00087336,0.00087336,0.00087336,0.00087336,0.00087336,0.00087336,0.21921,0.00087336,0.7607,0.00087336,0.00087336
0.00082988,0.00082988,0.00082988,0.00082988,0.00082988,0.2,0.00082988,0.00082988,0.00082988,0.0091286,0.00082988,0.00082988,0.77261,0.00082988,0.0091286
0.088536,0.00035273,0.24727,0.010935,0.00035273,0.00035273,0.00035273,0.00035273,0.00035273,0.0038801,0.042681,0.039153,0.5612,0.00035273,0.0038801
0.014123,0.00045558,0.00045558,0.00045558,0.37859,0.00045558,0.014123,0.00045558,0.00045558,0.00045558,0.21913,0.00045558,0.36036,0.00045558,0.0095672
0.36933,0.00018365,0.00018365,0.00018365,0.090174,0.00018365,0.0020202,0.00018365,0.00018365,0.00018365,0.00018365,0.014876,0.42443,0.00018365,0.097521
0.00045558,0.00045558,0.00045558,0.068793,0.032346,0.00045558,0.018679,0.00045558,0.00045558,0.00045558,0.7385,0.00045558,0.13713,0.00045558,0.00045558
0.00025806,0.00025806,0.00025806,0.04671,0.00025806,0.00025806,0.00025806,0.00025806,0.00025806,0.00025806,0.81574,0.0028387,0.13187,0.00025806,0.00025806
0.15235,0.00072202,0.051264,0.00072202,0.029603,0.00072202,0.015162,0.00072202,0.00072202,0.00072202,0.00072202,0.13069,0.61444,0.00072202,0.00072202
0.11877,0.00021954,0.00021954,0.11658,0.00021954,0.00021954,0.0046103,0.0024149,0.00021954,0.00021954,0.45027,0.0024149,0.2966,0.0024149,0.0046103
0.00056657,0.00056657,0.00056657,0.0062323,0.00056657,0.00056657,0.0062323,0.00056657,0.00056657,0.00056657,0.045892,0.56714,0.35751,0.00056657,0.011898
0.00032949,0.00032949,0.00032949,0.013509,0.00032949,0.00032949,0.00032949,0.00032949,0.00032949,0.00032949,0.14201,0.00032949,0.84053,0.00032949,0.00032949
0.0014388,0.0014388,0.0014388,0.0014388,0.28921,0.0014388,0.0014388,0.0014388,0.0014388,0.0014388,0.0014388,0.0014388,0.69209,0.0014388,0.0014388
0.025514,0.00082305,0.00082305,0.00082305,0.00082305,0.00082305,0.00082305,0.00082305,0.00082305,0.00082305,0.00082305,0.00082305,0.96379,0.00082305,0.00082305
0.0013793,0.0013793,0.0013793,0.0013793,0.0013793,0.0013793,0.0013793,0.0013793,0.015172,0.0013793,0.0013793,0.0013793,0.58069,0.1669,0.22207
0.0008658,0.07013,0.55498,0.0008658,0.0008658,0.0008658,0.0008658,0.0008658,0.0008658,0.0008658,0.0008658,0.0008658,0.3645,0.0008658,0.0008658
0.0002736,0.0002736,0.0030096,0.17811,0.0002736,0.31218,0.0002736,0.0002736,0.011218,0.12886,0.0002736,0.079617,0.0002736,0.28482,0.0002736
0.0018692,0.0018692,0.0018692,0.0018692,0.020561,0.17009,0.0018692,0.0018692,0.0018692,0.0018692,0.0018692,0.057944,0.73084,0.0018692,0.0018692
0.0069401,0.00063091,0.00063091,0.18991,0.29085,0.00063091,0.00063091,0.00063091,0.00063091,0.00063091,0.00063091,0.00063091,0.43596,0.00063091,0.070032
0.010427,0.00094787,0.00094787,0.00094787,0.00094787,0.19052,0.00094787,0.00094787,0.00094787,0.00094787,0.00094787,0.00094787,0.78768,0.00094787,0.00094787
0.020736,0.0006689,0.29498,0.034114,0.0006689,0.0073579,0.020736,0.0006689,0.0006689,0.0006689,0.0006689,0.027425,0.5893,0.0006689,0.0006689
0.00037807,0.00037807,0.24991,0.00037807,0.00037807,0.00037807,0.00037807,0.00037807,0.00037807,0.00037807,0.041966,0.35577,0.3293,0.019282,0.00037807
0.065798,0.00065147,0.0071661,0.00065147,0.00065147,0.00065147,0.033225,0.11792,0.00065147,0.00065147,0.065798,0.00065147,0.43713,0.065798,0.20261
0.00048426,0.00048426,0.0053269,0.00048426,0.00048426,0.00048426,0.00048426,0.058596,0.00048426,0.00048426,0.17482,0.00048426,0.72688,0.00048426,0.02954
0.00048193,0.00048193,0.058313,0.00048193,0.00048193,0.0053012,0.00048193,0.0053012,0.00048193,0.00048193,0.0053012,0.32337,0.59807,0.00048193,0.00048193
0.00037523,0.00037523,0.10544,0.30807,0.00037523,0.00037523,0.00037523,0.00037523,0.00037523,0.00037523,0.030394,0.00037523,0.55197,0.00037523,0.00037523
0.00062696,0.00062696,0.00062696,0.00062696,0.00062696,0.00062696,0.00062696,0.00062696,0.00062696,0.00062696,0.031975,0.00062696,0.95361,0.0068966,0.00062696
0.00055402,0.00055402,0.00055402,0.061496,0.00055402,0.00055402,0.00055402,0.00055402,0.0060942,0.00055402,0.00055402,0.00055402,0.92576,0.00055402,0.00055402
0.00034423,0.0037866,0.00034423,0.08296,0.00034423,0.00034423,0.00034423,0.00034423,0.00034423,0.00034423,0.25508,0.00034423,0.65439,0.00034423,0.00034423
0.0005305,0.0005305,0.0005305,0.22334,0.0005305,0.0005305,0.0005305,0.0005305,0.0005305,0.0005305,0.34536,0.0005305,0.42493,0.0005305,0.0005305
0.00079681,0.00079681,0.00079681,0.00079681,0.00079681,0.25578,0.00079681,0.00079681,0.00079681,0.00079681,0.00079681,0.0087649,0.7259,0.00079681,0.00079681
0.2272,0.00050378,0.00050378,0.035768,0.00050378,0.00050378,0.00050378,0.015617,0.00050378,0.00050378,0.70076,0.00050378,0.015617,0.00050378,0.00050378
0.00036036,0.00036036,0.032793,0.047207,0.00036036,0.00036036,0.00036036,0.00036036,0.00036036,0.00036036,0.48685,0.00036036,0.40757,0.021982,0.00036036
0.010687,0.00050891,0.010687,0.15318,0.00050891,0.00050891,0.00050891,0.005598,0.010687,0.00050891,0.041221,0.00050891,0.76387,0.00050891,0.00050891
0.088774,0.00020597,0.00020597,0.057878,0.00020597,0.00020597,0.00020597,0.012564,0.00020597,0.00020597,0.22678,0.15057,0.43069,0.031102,0.00020597
0.0027813,0.00025284,0.74867,0.00025284,0.00025284,0.00025284,0.00025284,0.00025284,0.0027813,0.048293,0.035651,0.012895,0.1469,0.00025284,0.00025284
0.024439,0.0018992,0.00085568,2.087e-05,0.064301,0.14695,0.012334,2.087e-05,2.087e-05,0.63448,0.08705,0.0041949,0.0012731,0.022143,2.087e-05
0.0070288,0.00063898,0.00063898,0.36486,0.33291,0.24345,0.0070288,0.00063898,0.0070288,0.00063898,0.00063898,0.032588,0.00063898,0.00063898,0.00063898
0.10296,0.00039448,0.008284,0.00039448,0.35937,0.1858,0.00039448,0.00039448,0.13846,0.00039448,0.012229,0.00039448,0.18974,0.00039448,0.00039448
0.034295,0.00033956,0.00033956,0.088625,0.1056,0.00033956,0.00033956,0.00033956,0.00033956,0.00033956,0.0037351,0.00033956,0.76435,0.00033956,0.00033956
0.0011696,0.0011696,0.0011696,0.10643,0.0011696,0.024561,0.0011696,0.0011696,0.0011696,0.0011696,0.0011696,0.0011696,0.85497,0.0011696,0.0011696
0.15474,0.022933,0.0069333,0.0008381,0.4496,0.24389,7.619e-05,7.619e-05,0.0031238,0.019124,0.051886,7.619e-05,0.032076,0.014552,7.619e-05
0.00074349,0.00074349,0.00074349,0.00074349,0.15688,0.00074349,0.00074349,0.00074349,0.00074349,0.00074349,0.067658,0.00074349,0.76654,0.00074349,0.00074349
0.024143,0.00029806,0.00029806,0.11356,0.059911,0.00029806,0.00029806,0.0062593,0.00029806,0.00029806,0.05693,0.00029806,0.73651,0.00029806,0.00029806
0.0019048,0.0019048,0.0019048,0.0019048,0.0019048,0.0019048,0.0019048,0.0019048,0.0019048,0.0019048,0.0019048,0.0019048,0.97333,0.0019048,0.0019048
0.0021053,0.0021053,0.0021053,0.0021053,0.33895,0.0021053,0.0021053,0.0021053,0.0021053,0.0021053,0.0021053,0.0021053,0.63368,0.0021053,0.0021053
0.0018349,0.0018349,0.0018349,0.0018349,0.24037,0.11193,0.0018349,0.0018349,0.0018349,0.020183,0.0018349,0.0018349,0.60734,0.0018349,0.0018349
0.097143,0.0019048,0.0019048,0.0019048,0.0019048,0.0019048,0.0019048,0.0019048,0.15429,0.0019048,0.0019048,0.0019048,0.72571,0.0019048,0.0019048
0.0020202,0.062626,0.0020202,0.0020202,0.24444,0.10303,0.022222,0.0020202,0.0020202,0.0020202,0.0020202,0.0020202,0.54747,0.0020202,0.0020202
0.00058309,0.00058309,0.00058309,0.00058309,0.00058309,0.00058309,0.00058309,0.00058309,0.00058309,0.00058309,0.082216,0.00058309,0.90437,0.006414,0.00058309
0.27618,0.0061606,0.055565,0.01419,0.401,0.068634,0.0060251,0.019356,0.0072535,0.024586,0.073972,0.022851,0.00074151,0.0076418,0.015852
0.00030817,0.00030817,0.00030817,0.012635,0.3208,0.00030817,0.00030817,0.00030817,0.00030817,0.012635,0.3886,0.00030817,0.26225,0.00030817,0.00030817
0.0014184,0.0014184,0.0014184,0.0014184,0.015603,0.0014184,0.0014184,0.0014184,0.0014184,0.015603,0.015603,0.0014184,0.93759,0.0014184,0.0014184
0.00047281,0.00047281,0.061939,0.0052009,0.00047281,0.0052009,0.0052009,0.21797,0.00047281,0.00047281,0.36927,0.0099291,0.3078,0.0052009,0.0099291
0.0018349,0.24037,0.0018349,0.0018349,0.0018349,0.0018349,0.0018349,0.0018349,0.0018349,0.0018349,0.0018349,0.0018349,0.71743,0.0018349,0.020183
0.00061162,0.00061162,0.0067278,0.00061162,0.00061162,0.00061162,0.00061162,0.00061162,0.0067278,0.00061162,0.049541,0.19021,0.74067,0.00061162,0.00061162
0.00057307,0.00057307,0.069341,0.00057307,0.00057307,0.00057307,0.14384,0.00057307,0.00057307,0.00057307,0.20688,0.00057307,0.57364,0.00057307,0.00057307
0.059747,0.0076945,0.0013824,0.089085,0.028809,0.046812,0.0050719,4.4451e-06,0.57974,0.016274,0.14709,0.0078279,0.00018225,0.0019159,0.0083613
0.14736,0.028845,8.7146e-05,0.020131,0.58135,8.7146e-05,8.7146e-05,8.7146e-05,0.035817,0.07329,0.027102,0.00095861,0.084619,8.7146e-05,8.7146e-05
0.000409,0.000409,0.016769,0.000409,0.000409,0.000409,0.000409,0.098569,0.000409,0.000409,0.49939,0.000409,0.1681,0.000409,0.21309
0.00069204,0.00069204,0.00069204,0.00069204,0.39516,0.00069204,0.00069204,0.00069204,0.00069204,0.0076125,0.00069204,0.00069204,0.58201,0.00069204,0.0076125
0.00080972,0.14656,0.00080972,0.00080972,0.44615,0.00080972,0.00080972,0.00080972,0.17085,0.00080972,0.00080972,0.00080972,0.22753,0.00080972,0.00080972
0.001626,0.001626,0.001626,0.001626,0.24553,0.001626,0.001626,0.001626,0.099187,0.001626,0.001626,0.001626,0.63577,0.001626,0.001626
0.0017699,0.037168,0.0017699,0.0017699,0.17876,0.0017699,0.0017699,0.0017699,0.23186,0.0017699,0.0017699,0.0017699,0.51504,0.019469,0.0017699
0.0017699,0.0017699,0.0017699,0.0017699,0.24956,0.0017699,0.054867,0.0017699,0.10796,0.0017699,0.0017699,0.0017699,0.56814,0.0017699,0.0017699
0.009607,0.00087336,0.00087336,0.018341,0.009607,0.00087336,0.00087336,0.00087336,0.00087336,0.035808,0.00087336,0.00087336,0.88297,0.00087336,0.035808
0.0006689,0.101,0.0006689,0.027425,0.32174,0.16789,0.0006689,0.0006689,0.0006689,0.101,0.0006689,0.0006689,0.27492,0.0006689,0.0006689
0.00035273,0.00035273,0.00035273,0.00035273,0.00035273,0.74462,0.00035273,0.00035273,0.00035273,0.00035273,0.00035273,0.00035273,0.25079,0.00035273,0.00035273
0.00059701,0.00059701,0.00059701,0.00059701,0.00059701,0.00059701,0.00059701,0.00059701,0.00059701,0.00059701,0.072239,0.00059701,0.92,0.00059701,0.00059701
0.01089,0.0002656,0.0002656,0.0055777,0.0002656,0.045418,0.0002656,0.0055777,0.0002656,0.0082337,0.13572,0.0055777,0.78114,0.0002656,0.0002656
0.00067797,0.00067797,0.00067797,0.00067797,0.38034,0.075254,0.00067797,0.00067797,0.00067797,0.048136,0.00067797,0.00067797,0.48881,0.00067797,0.00067797
0.0018349,0.0018349,0.0018349,0.0018349,0.0018349,0.0018349,0.0018349,0.0018349,0.0018349,0.020183,0.0018349,0.0018349,0.90092,0.020183,0.038532
0.00043955,0.011048,0.02261,0.00013019,0.0027082,0.0093208,0.0044741,0.00031065,0.00018175,0.01458,0.00036221,0.11026,1.289e-06,0.80243,0.021141
0.0050265,0.037656,0.017085,0.0035326,0.0052257,0.013814,0.0074168,0.00039915,0.15688,0.028953,0.46088,0.0064898,7.6612e-07,0.0068959,0.24974
1.6167e-05,0.079719,1.6167e-05,0.66932,0.087317,0.042373,1.6167e-05,0.023296,0.0053512,0.028308,1.6167e-05,0.02362,1.6167e-05,0.040595,1.6167e-05
1.544e-05,0.48855,1.544e-05,1.544e-05,1.544e-05,0.27347,1.544e-05,0.0018683,1.544e-05,0.0088165,0.00047865,0.0871,1.544e-05,0.1396,1.544e-05
0.21996,0.0003992,0.0043912,0.0003992,0.0003992,0.0003992,0.0003992,0.24391,0.028343,0.060279,0.0003992,0.0083832,0.18802,0.0003992,0.24391
0.7087,0.00030534,0.00030534,0.00030534,0.00030534,0.00030534,0.00030534,0.00030534,0.00030534,0.00030534,0.0033588,0.00030534,0.28427,0.00030534,0.00030534
0.71162,0.0017391,0.0001581,0.01913,0.0001581,0.0001581,0.017549,0.0001581,0.0001581,0.020711,0.163,0.0033202,0.0001581,0.0001581,0.061818
0.0011429,0.0011429,0.0011429,0.11543,0.0011429,0.0011429,0.0011429,0.0011429,0.024,0.0011429,0.0011429,0.0011429,0.824,0.0011429,0.024
0.00014892,0.00014892,0.00014892,0.58243,0.00014892,0.0016381,0.0016381,0.38585,0.00014892,0.00014892,0.0031273,0.0016381,0.00014892,0.0016381,0.020998
4.9173e-06,4.9173e-06,4.9173e-06,4.9173e-06,5.409e-05,5.409e-05,0.0018735,4.9173e-06,0.99703,4.9173e-06,0.00010326,4.9173e-06,0.0003983,0.00020161,0.00025078
0.0010582,0.0010582,0.0010582,0.0010582,0.0010582,0.0010582,0.0010582,0.0010582,0.0010582,0.0010582,0.0010582,0.0010582,0.98519,0.0010582,0.0010582
0.001227,0.33252,0.1362,0.001227,0.001227,0.001227,0.001227,0.001227,0.001227,0.013497,0.001227,0.013497,0.49202,0.001227,0.001227
0.24604,0.0014388,0.21727,0.0014388,0.08777,0.015827,0.015827,0.0014388,0.0014388,0.015827,0.0014388,0.0014388,0.38993,0.0014388,0.0014388
0.018626,0.00030534,0.19573,0.098015,0.00030534,0.061374,0.00030534,0.00030534,0.00030534,0.11634,0.39115,0.067481,0.04916,0.00030534,0.00030534
0.013245,0.0040198,0.0033608,0.20105,0.0053377,0.064646,0.14241,0.025766,0.011928,0.027743,0.078484,0.025107,0.0053377,0.00072488,0.39084
0.75987,0.00016515,0.00016515,0.024938,0.00016515,0.0034682,0.00016515,0.099257,0.019983,0.0051197,0.00016515,0.00016515,0.086045,0.00016515,0.00016515
0.013018,0.2497,0.0011834,0.0011834,0.0011834,0.0011834,0.0011834,0.0011834,0.0011834,0.0011834,0.0011834,0.0011834,0.67574,0.048521,0.0011834
0.0028452,0.069791,0.11107,0.063654,5.5788e-05,5.5788e-05,0.0011715,5.5788e-05,5.5788e-05,0.074812,0.045244,5.5788e-05,0.064212,5.5788e-05,0.56686
0.15844,0.0025974,0.0025974,0.0025974,0.0025974,0.080519,0.0025974,0.0025974,0.0025974,0.0025974,0.0025974,0.0025974,0.72987,0.0025974,0.0025974
6.5466e-05,0.0026841,6.5466e-05,0.8053,6.5466e-05,0.10219,6.5466e-05,0.034108,6.5466e-05,0.032799,6.5466e-05,0.0033388,6.5466e-05,0.0020295,0.017087
0.4649,0.06755,0.0013245,0.0013245,0.01457,0.01457,0.0013245,0.01457,0.0013245,0.0013245,0.0013245,0.0013245,0.41192,0.0013245,0.0013245
0.065651,0.00015232,0.36725,0.19208,0.00015232,0.021478,0.00015232,0.04128,0.00015232,0.28043,0.030617,0.00015232,0.00015232,0.00015232,0.00015232
0.00049875,0.010474,0.61895,0.050374,0.00049875,0.0054863,0.00049875,0.00049875,0.0054863,0.040399,0.00049875,0.015461,0.16509,0.085287,0.00049875
0.36985,0.012923,0.00061538,0.00061538,0.031385,0.00061538,0.00061538,0.00061538,0.28985,0.00061538,0.025231,0.00061538,0.24677,0.012923,0.0067692
0.58857,0.066564,0.0032432,0.060386,0.12062,0.018687,0.00015444,0.035676,0.00015444,0.014054,0.00015444,0.078919,0.00015444,0.00015444,0.01251
0.03908,0.0019452,0.12042,0.22299,0.0037135,0.00017683,0.00017683,0.00017683,0.0037135,0.00017683,0.56251,0.00017683,0.032007,0.0054819,0.0072502
0.21422,0.0097778,0.00088889,0.036444,0.00088889,0.00088889,0.00088889,0.00088889,0.27644,0.00088889,0.00088889,0.00088889,0.45422,0.00088889,0.00088889
0.00035398,0.00035398,0.00035398,0.067611,0.41097,0.00035398,0.00035398,0.18442,0.18796,0.021593,0.00035398,0.00035398,0.12071,0.0038938,0.00035398
0.0098288,4.4474e-05,0.00048922,4.4474e-05,0.029397,4.4474e-05,0.0098288,4.4474e-05,0.00048922,0.45324,4.4474e-05,0.11123,0.010718,0.3207,0.053858
0.0016096,0.054963,0.73838,5.0144e-06,0.009031,0.0029134,0.0027128,5.0144e-06,0.037062,0.11428,0.0026125,0.0016096,5.0144e-06,0.029841,0.0049693
0.4866,0.0068536,0.038006,0.038006,0.0068536,0.00062305,0.069159,0.00062305,0.00062305,0.00062305,0.00062305,0.00062305,0.34953,0.00062305,0.00062305
0.050514,0.10766,0.3728,0.0528,0.20366,0.00022857,0.00022857,0.0025143,0.00022857,0.018514,0.029943,0.00022857,0.11451,0.045943,0.00022857
0.47294,0.0023529,0.0023529,0.0023529,0.0023529,0.0023529,0.0023529,0.0023529,0.025882,0.0023529,0.0023529,0.0023529,0.47294,0.0023529,0.0023529
1.1836e-05,0.0045097,0.38008,0.0011955,0.10003,1.1836e-05,0.010901,1.1836e-05,1.1836e-05,0.0032077,0.39689,0.062508,0.0011955,0.025697,0.013742
0.03623,0.01519,0.32026,4.2079e-05,0.074101,0.36655,0.011824,4.2079e-05,0.058531,4.2079e-05,0.0092994,0.0029876,0.051799,0.00088365,0.05222
0.0037351,0.0071307,0.00033956,0.00033956,0.00033956,0.19389,0.00033956,0.00033956,0.00033956,0.15314,0.00033956,0.00033956,0.12598,0.00033956,0.51307
2.7697e-05,0.79521,2.7697e-05,0.014984,0.098352,2.7697e-05,2.7697e-05,0.00085861,0.0052901,0.046836,0.011106,2.7697e-05,2.7697e-05,0.027171,2.7697e-05
2.2166e-05,0.85761,0.036817,2.2166e-05,2.2166e-05,2.2166e-05,0.0037903,0.017976,0.002682,0.026621,0.0017954,2.2166e-05,0.011105,0.041472,2.2166e-05
0.0011173,0.0011173,0.0011173,0.0011173,0.19106,0.0011173,0.0011173,0.0011173,0.012291,0.0011173,0.0011173,0.0011173,0.67151,0.11285,0.0011173
0.25902,0.074065,8.4069e-05,8.4069e-05,0.026986,0.16486,0.14384,8.4069e-05,8.4069e-05,0.054729,0.008491,0.013535,8.4069e-05,0.098445,0.15561
0.23931,0.0001638,0.0018018,0.0001638,0.0001638,0.47846,0.12793,0.0018018,0.0001638,0.0001638,0.09353,0.0001638,0.026372,0.0034398,0.026372
0.00019824,0.0043579,0.8091,0.017162,0.0024081,0.045207,0.0015956,3.2498e-06,0.011182,0.026911,0.00029573,0.0025706,3.2498e-06,0.0043579,0.07465
0.10606,0.00025806,0.248,0.082839,0.054452,0.15252,0.00025806,0.00025806,0.015742,0.3151,0.00025806,0.015742,0.00025806,0.008,0.00025806
0.0011834,0.0011834,0.0011834,0.0011834,0.0011834,0.0011834,0.0011834,0.0011834,0.0011834,0.0011834,0.0011834,0.0011834,0.98343,0.0011834,0.0011834
0.0010481,0.30073,1.1517e-05,0.3559,0.0061158,0.19304,0.0039274,0.041589,0.014984,0.040668,0.0019695,0.0061158,1.1517e-05,0.0011633,0.032721
0.0016529,0.018182,0.05124,0.0016529,0.18347,0.0016529,0.0016529,0.0016529,0.0016529,0.0016529,0.0016529,0.0016529,0.72893,0.0016529,0.0016529
2.0923e-05,0.038519,0.76537,0.0027409,2.0923e-05,0.0023224,2.0923e-05,2.0923e-05,0.029522,0.045214,0.0012763,0.0035778,0.0077623,0.0096454,0.093964
0.0011561,0.0011561,0.0011561,0.0011561,0.0011561,0.0011561,0.0011561,0.0011561,0.0011561,0.0011561,0.0011561,0.0011561,0.98382,0.0011561,0.0011561
0.77867,0.00012477,0.06126,0.08247,0.00012477,0.00012477,0.00012477,0.00012477,0.00012477,0.00012477,0.016344,0.00012477,0.060012,0.00012477,0.00012477
0.00013596,0.023249,0.1157,0.00013596,0.40938,0.023249,0.046363,0.00013596,0.011013,0.12114,0.065398,0.00013596,0.072196,0.10891,0.0028552
0.00014174,0.00014174,0.0015592,0.00014174,0.075266,0.00014174,0.00014174,0.00014174,0.30206,0.082353,0.29355,0.0029766,0.029908,0.00014174,0.21134
1.647e-05,0.096862,1.647e-05,0.0098987,1.647e-05,0.28495,0.0023223,0.00067529,0.061286,0.031804,1.647e-05,1.647e-05,0.0011694,0.027687,0.48326
0.79802,0.045545,0.00028289,0.00028289,0.0031117,0.022914,0.00028289,0.00028289,0.045545,0.00028289,0.00028289,0.00028289,0.062518,0.020085,0.00028289
0.021423,0.045953,0.00016353,0.0017989,0.35339,0.11954,0.00016353,0.0017989,0.33377,0.00016353,0.00016353,0.00016353,0.113,0.0083401,0.00016353
0.31476,9.7418e-05,9.7418e-05,0.081929,0.24559,0.028349,0.073161,0.016659,0.0566,9.7418e-05,9.7418e-05,9.7418e-05,0.16084,9.7418e-05,0.021529
0.35664,0.0036975,0.00033613,0.013782,0.00033613,0.027227,0.00033613,0.00033613,0.00033613,0.00033613,0.22891,0.00033613,0.25244,0.11462,0.00033613
0.0013072,0.0013072,0.0013072,0.027451,0.0013072,0.0013072,0.0013072,0.0013072,0.0013072,0.0013072,0.0013072,0.014379,0.94248,0.0013072,0.0013072
0.00011813,0.065092,0.035558,0.0024808,0.38051,0.00011813,0.00011813,0.029652,0.00011813,0.3935,0.00011813,0.02847,0.014294,0.049734,0.00011813
6.1595e-05,0.0019095,0.021004,0.14851,0.0093009,0.083215,6.1595e-05,6.1595e-05,6.1595e-05,0.32159,6.1595e-05,0.056729,6.1595e-05,0.26307,0.094302
0.057627,0.0011299,0.0011299,0.0011299,0.0011299,0.0011299,0.0011299,0.012429,0.0011299,0.012429,0.0011299,0.0011299,0.89379,0.012429,0.0011299
2.9382e-05,0.030586,2.9382e-05,0.41578,2.9382e-05,0.42489,0.00061701,0.0076686,2.9382e-05,0.0050242,0.00061701,0.047921,0.0003232,2.9382e-05,0.066432
0.0011696,0.012865,0.0011696,0.0011696,0.0011696,0.0011696,0.0011696,0.0011696,0.0011696,0.0011696,0.0011696,0.0011696,0.97193,0.0011696,0.0011696
0.0005168,0.0005168,0.0056848,0.2124,0.19173,0.0005168,0.0005168,0.0005168,0.0005168,0.0005168,0.031525,0.0005168,0.55349,0.0005168,0.0005168
0.40652,0.0055138,0.00050125,0.00050125,0.27619,0.00050125,0.00050125,0.00050125,0.00050125,0.00050125,0.00050125,0.00050125,0.30627,0.00050125,0.00050125
0.60147,0.0007326,0.0007326,0.0007326,0.015385,0.0007326,0.0007326,0.0007326,0.0007326,0.0007326,0.0007326,0.0007326,0.37436,0.0007326,0.0007326
0.11669,0.044243,0.00025873,0.0028461,0.10116,0.1555,0.00025873,0.0028461,0.00025873,0.13221,0.00025873,0.00025873,0.036481,0.00025873,0.40647
0.00011879,0.72077,0.015052,0.032984,0.0076986,0.0818,0.0015895,0.0018723,0.0035693,0.034511,0.00068445,0.0083774,5.6566e-06,0.015674,0.075295
