0.55993,0.055931,0.28949,0.00061463,0.00061463,0.0067609,0.086663
0.97733,0.00087184,0.00087184,0.00087184,0.00087184,0.00087184,0.018309
0.015693,0.054284,0.00025727,0.025984,0.78235,0.090301,0.031129
0.90304,0.0011274,0.091319,0.0011274,0.0011274,0.0011274,0.0011274
0.72279,0.045128,4.9537e-05,0.031753,0.077327,0.012929,0.11002
0.00047916,0.029229,0.00047916,0.0052707,0.26402,0.68088,0.019645
0.0091611,0.09718,0.00017963,0.00017963,0.16544,0.72768,0.00017963
0.83681,0.0018975,0.0018975,0.0018975,0.0018975,0.1537,0.0018975
0.88732,0.0020121,0.0020121,0.0020121,0.10262,0.0020121,0.0020121
0.8282,0.034036,0.0016207,0.13128,0.0016207,0.0016207,0.0016207
0.8456,0.0017953,0.0017953,0.0017953,0.14542,0.0017953,0.0017953
0.60911,0.0018975,0.0018975,0.0018975,0.3814,0.0018975,0.0018975
0.85992,0.0038911,0.0038911,0.081712,0.0038911,0.042802,0.0038911
0.93765,0.026379,0.026379,0.0023981,0.0023981,0.0023981,0.0023981
0.65999,0.00048852,0.00048852,0.3278,0.00048852,0.00048852,0.010259
0.98817,0.0019724,0.0019724,0.0019724,0.0019724,0.0019724,0.0019724
0.69182,0.00063412,0.00063412,0.30501,0.00063412,0.00063412,0.00063412
0.56359,0.17537,0.0013387,0.068273,0.0013387,0.18876,0.0013387
0.050147,0.00098328,0.00098328,0.00098328,0.25664,0.68928,0.00098328
0.7591,0.0028011,0.0028011,0.0028011,0.058824,0.17087,0.0028011
0.66656,0.00033478,0.00033478,0.33177,0.00033478,0.00033478,0.00033478
0.6528,0.00051361,0.11351,0.23164,0.00051361,0.00051361,0.00051361
0.84173,0.0023981,0.0023981,0.0023981,0.14628,0.0023981,0.0023981
0.0004207,0.0004207,0.0004207,0.0004207,0.20656,0.78713,0.0046277
0.21475,0.010463,0.00049826,0.00049826,0.3144,0.45889,0.00049826
0.43652,0.0012092,0.0012092,0.30351,0.0012092,0.14631,0.11004
0.16284,0.017348,0.0005596,0.050923,0.0005596,0.38668,0.38109
0.079151,0.056113,0.00016455,0.00016455,0.13839,0.66332,0.062695
0.10951,0.00024832,0.00024832,0.40253,0.47703,0.010181,0.00024832
0.08701,0.032464,0.0054236,0.00032449,0.8304,0.0058872,0.038491
0.33037,0.083069,0.52695,0.00063412,0.00063412,0.00063412,0.057705
0.52018,0.0011534,0.43945,0.0011534,0.024221,0.0011534,0.012687
0.82034,0.001321,0.17305,0.001321,0.001321,0.001321,0.001321
0.41794,0.0021882,0.02407,0.0021882,0.19912,0.3523,0.0021882
0.32125,0.078984,0.43155,0.006106,0.16171,0.00019697,0.00019697
0.50846,0.012401,0.47463,0.0011274,0.0011274,0.0011274,0.0011274
0.11564,0.38148,0.26185,0.0093044,0.16881,0.062472,0.00044307
0.29425,0.0011274,0.034949,0.0011274,0.080045,0.58737,0.0011274
0.00051626,0.36706,0.0056789,0.00051626,0.30511,0.3206,0.00051626
0.012987,0.39422,0.10934,0.00041894,0.13448,0.32719,0.021366
0.00058582,0.21148,0.047452,0.00058582,0.00058582,0.73872,0.00058582
0.00067249,0.00067249,0.00067249,0.00067249,0.014122,0.98252,0.00067249
0.13713,0.00080192,0.00080192,0.00080192,0.0088212,0.85084,0.00080192
0.73116,0.25719,0.000777,0.000777,0.008547,0.000777,0.000777
0.29994,0.00061087,0.00061087,0.012828,0.00061087,0.68479,0.00061087
0.013663,0.00065062,0.0071568,0.00065062,0.65777,0.31945,0.00065062
0.35391,0.0011025,0.0011025,0.0011025,0.17751,0.16648,0.29879
0.63475,0.36208,0.00063412,0.00063412,0.00063412,0.00063412,0.00063412
0.012669,0.10666,0.00040866,0.00040866,0.037188,0.84226,0.00040866
0.00045106,0.00045106,0.68155,0.00045106,0.0094723,0.30717,0.00045106
0.00038506,0.1082,0.00038506,0.00038506,0.13131,0.75895,0.00038506
0.020128,0.22631,0.00049092,0.24595,0.24595,0.26068,0.00049092
0.036701,0.58043,0.036701,0.036701,0.0004531,0.29497,0.014046
0.00063816,0.65795,0.00063816,0.00063816,0.00063816,0.31334,0.026165
0.17429,0.00057904,0.0063694,0.00057904,0.0063694,0.00057904,0.81123
0.35707,0.0010787,0.0010787,0.50809,0.011866,0.011866,0.10895
0.27088,0.00029095,0.72767,0.00029095,0.00029095,0.00029095,0.00029095
0.64192,0.0014556,0.0014556,0.27802,0.05968,0.0014556,0.016012
0.34453,0.022443,0.24859,0.043002,0.3411,0.00017132,0.00017132
0.73728,0.13256,0.00040048,0.0044053,0.048458,0.00040048,0.076492
0.51161,0.00092851,0.35376,0.00092851,0.11235,0.00092851,0.019499
0.21503,0.51816,0.00031576,0.00031576,0.0034733,0.19293,0.069782
0.22287,0.0011669,0.071179,0.0011669,0.22287,0.0011669,0.47958
0.00095511,0.00095511,0.010506,0.00095511,0.00095511,0.00095511,0.98472
0.19399,0.00071582,0.007874,0.36578,0.00071582,0.12241,0.30852
0.091485,0.00018632,0.20142,0.00018632,0.15297,0.55357,0.00018632
0.11605,0.00031279,0.015952,0.012825,0.27557,0.031592,0.5477
0.53018,0.42804,0.038069,0.00092851,0.00092851,0.00092851,0.00092851
0.3913,0.00048852,0.58671,0.00048852,0.015144,0.0053737,0.00048852
0.52266,0.12559,0.00043159,0.13854,0.0090634,0.013379,0.19033
0.56022,0.000777,0.000777,0.070707,0.000777,0.000777,0.36597
0.11919,0.0039611,0.011163,0.0003601,0.0003601,0.0003601,0.8646
0.72114,2.1392e-05,0.00023531,0.0028023,2.1392e-05,0.051362,0.22442
0.36286,0.00050327,0.00050327,0.17162,0.00050327,0.19175,0.27227
0.07785,0.00015855,0.00015855,0.13017,0.10005,0.00015855,0.69145
0.67637,0.32116,0.00049334,0.00049334,0.00049334,0.00049334,0.00049334
0.22671,0.022079,0.0005385,0.011309,0.14055,0.0005385,0.59828
0.0001413,0.032641,0.0001413,0.1259,0.015685,0.0001413,0.82535
0.15549,0.037583,0.00073692,0.00073692,0.47237,0.0081061,0.32498
0.83359,0.0015699,0.0015699,0.0015699,0.15856,0.0015699,0.0015699
0.1889,0.52014,0.00089526,0.063563,0.00089526,0.00089526,0.22471
0.5592,0.00060716,0.00060716,0.00060716,0.073467,0.00060716,0.36491
0.00028035,0.00028035,0.00028035,0.00028035,0.00028035,0.00028035,0.99832
0.76184,0.030129,0.13056,0.0014347,0.0014347,0.073171,0.0014347
0.13223,0.1187,0.00033818,0.74434,0.00372,0.00033818,0.00033818
0.00091996,0.00091996,0.019319,0.01012,0.00091996,0.00091996,0.96688
0.0091953,0.0073763,0.00064577,0.009923,0.021656,0.0028286,0.94838
0.23919,0.10902,3.851e-05,0.0031193,0.54342,0.042785,0.062425
0.24602,0.001224,0.086903,0.001224,0.001224,0.001224,0.66218
8.1653e-05,8.1653e-05,8.1653e-05,0.013963,8.1653e-05,0.00089818,0.98481
0.37551,0.0074573,0.52706,0.00024056,0.06038,0.00024056,0.029108
0.23428,0.00055648,0.00055648,0.00055648,0.00055648,0.00055648,0.76294
0.25959,0.040359,0.00049826,0.00049826,0.020429,0.12008,0.55855
0.31452,0.00045517,0.00045517,0.3919,0.00045517,0.00045517,0.29176
0.042574,0.097823,0.00032499,0.66981,0.18882,0.00032499,0.00032499
0.19105,0.0003667,0.6751,0.015035,0.11771,0.0003667,0.0003667
0.99175,0.0013755,0.0013755,0.0013755,0.0013755,0.0013755,0.0013755
0.041345,0.024086,0.063105,7.5036e-05,0.85023,7.5036e-05,0.021085
0.00012679,0.00012679,0.00012679,0.94345,0.055915,0.00012679,0.00012679
0.00018598,0.00018598,0.00018598,0.94123,0.0094848,0.00018598,0.04854
0.013688,0.00019279,0.00019279,0.00019279,0.25082,0.00019279,0.73472
0.3263,0.44943,0.20317,0.00087951,0.01847,0.00087951,0.00087951
0.1874,0.036429,0.033147,0.00032819,0.049557,0.69281,0.00032819
0.53376,0.057569,0.0078181,0.00071073,0.33475,0.00071073,0.064677
0.00047916,0.00047916,0.00047916,0.029229,0.22089,0.74796,0.00047916
0.6838,0.00065062,0.00065062,0.00065062,0.1568,0.00065062,0.1568
0.96949,0.016206,0.0034954,0.0098507,0.00031776,0.00031776,0.00031776
0.89778,0.00096432,0.00096432,0.097396,0.00096432,0.00096432,0.00096432
0.040181,0.091115,0.00056593,0.00056593,0.56084,0.30617,0.00056593
0.37285,0.27673,0.028434,0.10453,0.024429,0.19263,0.00040048
0.15415,0.00043917,0.65481,0.00043917,0.039965,0.14976,0.00043917
0.99404,0.00099305,0.00099305,0.00099305,0.00099305,0.00099305,0.00099305
0.0033263,0.015422,0.00030239,0.00030239,0.0093741,0.90747,0.063804
0.58815,0.26111,0.00051099,0.00051099,0.00051099,0.03117,0.11804
0.87532,0.093423,8.8051e-05,0.025623,8.8051e-05,0.0053711,8.8051e-05
0.63824,0.2821,0.00093721,0.010309,0.010309,0.00093721,0.05717
0.48344,0.00094607,0.00094607,0.00094607,0.086093,0.1807,0.24693
0.28688,0.30103,0.00035373,0.16307,0.11709,0.088787,0.042802
0.37017,0.00041545,0.00041545,0.19983,0.00041545,0.31616,0.11259
0.12232,0.52216,0.00019697,0.080953,0.037621,0.096711,0.14004
0.19474,0.13389,2.7044e-05,2.7044e-05,0.023555,0.039781,0.60797
0.00038212,0.00038212,0.00038212,0.1303,0.00038212,0.00038212,0.86779
0.20422,0.10593,0.37532,0.00036403,0.22971,0.00036403,0.084092
0.034691,0.00014395,0.00014395,0.072117,0.71124,0.00014395,0.18152
0.57315,0.13857,0.13367,0.052891,0.03086,0.00017951,0.070679
0.53515,0.066542,0.39456,0.00093721,0.00093721,0.00093721,0.00093721
0.068892,0.32991,0.0004279,0.086008,0.24005,0.27428,0.0004279
0.0001229,0.0062677,0.0025808,0.072631,0.61091,0.0001229,0.30736
0.98057,0.0046472,0.00042248,0.0046472,0.00042248,0.008872,0.00042248
0.17023,0.1776,0.00073692,0.06706,0.00073692,0.00073692,0.5829
0.82842,0.12009,8.955e-05,0.002776,8.955e-05,0.048446,8.955e-05
5.5136e-05,0.0033633,5.5136e-05,0.062359,0.81993,5.5136e-05,0.11419
0.99114,0.0014771,0.0014771,0.0014771,0.0014771,0.0014771,0.0014771
0.27713,0.00069109,0.00069109,0.69869,0.00069109,0.00069109,0.021424
0.28077,0.0081061,0.00073692,0.00073692,0.26603,0.00073692,0.44289
0.0077722,1.1758e-05,1.1758e-05,0.057039,1.1758e-05,0.81403,0.12112
0.68638,0.0008569,0.0008569,0.24936,0.0008569,0.06084,0.0008569
0.071418,0.6743,4.9908e-05,4.9908e-05,0.17323,0.056446,0.024505
0.065335,0.00021706,0.00021706,0.00021706,0.00021706,0.00021706,0.93358
0.04881,0.51795,0.22716,4.5153e-05,0.15086,0.043392,0.011785
0.99163,0.0013947,0.0013947,0.0013947,0.0013947,0.0013947,0.0013947
0.99114,0.0014771,0.0014771,0.0014771,0.0014771,0.0014771,0.0014771
0.99114,0.0014771,0.0014771,0.0014771,0.0014771,0.0014771,0.0014771
0.57372,0.00084246,0.00084246,0.00084246,0.00084246,0.3968,0.026116
0.00010377,0.00010377,0.00010377,0.043686,0.84476,0.00010377,0.11113
0.0031715,0.56421,0.13494,0.11842,0.15192,4.4669e-05,0.027293
0.99398,0.001003,0.001003,0.001003,0.001003,0.001003,0.001003
0.92899,0.04142,0.021696,0.0019724,0.0019724,0.0019724,0.0019724
0.069029,0.36803,0.00012305,0.054264,0.47877,0.027193,0.002584
2.8076e-05,0.0031165,2.8076e-05,0.087065,0.55763,2.8076e-05,0.35211
0.75775,0.00072098,0.00072098,0.00072098,0.00072098,0.23864,0.00072098
0.24254,0.00056275,0.084975,0.56894,0.023073,0.00056275,0.079347
0.3247,0.0010787,0.0010787,0.48652,0.17368,0.0010787,0.011866
0.01329,0.14213,0.63518,0.080248,0.001116,0.00010145,0.12793
0.99058,0.0015699,0.0015699,0.0015699,0.0015699,0.0015699,0.0015699
0.88666,0.0011806,0.0011806,0.0011806,0.012987,0.095632,0.0011806
0.95799,0.012835,0.0011669,0.0011669,0.0011669,0.0011669,0.024504
0.024146,0.24051,0.012648,0.00010453,0.19766,0.52482,0.00010453
0.011188,0.16036,0.00053277,0.52264,0.00053277,0.00053277,0.30421
0.92503,0.0013387,0.0013387,0.068273,0.0013387,0.0013387,0.0013387
0.07529,0.096181,0.61845,0.019303,0.085318,8.3563e-05,0.10537
0.17797,0.00098328,0.00098328,0.3943,0.23697,0.010816,0.17797
0.8836,0.0017637,0.0017637,0.0017637,0.0017637,0.10758,0.0017637
0.73728,0.19818,0.0007593,0.0007593,0.0007593,0.0007593,0.061503
0.16527,0.043549,0.00027049,0.0165,0.64133,0.00027049,0.13281
0.00012875,0.00012875,0.00012875,0.00012875,0.00012875,0.00012875,0.99923
0.024249,0.0033724,0.00016059,0.022643,0.94604,0.00016059,0.0033724
0.053906,0.87835,9.6089e-05,0.035649,9.6089e-05,9.6089e-05,0.031806
0.37472,0.14286,0.00074794,0.00074794,0.097981,0.1653,0.21765
0.51306,0.47126,0.0010449,0.0010449,0.0010449,0.0010449,0.011494
0.01156,0.27497,0.0001895,0.0001895,0.71272,0.0001895,0.0001895
0.35979,0.25338,0.0002876,0.0002876,0.0002876,0.3828,0.0031636
0.35128,0.57044,0.00062617,0.00062617,0.00062617,0.069505,0.0068879
0.13907,0.6342,0.00012631,0.00012631,0.14791,0.078439,0.00012631
0.1159,0.00017803,0.00017803,0.66957,0.090974,0.00017803,0.12302
0.0055453,0.00026406,0.00026406,0.70795,0.066279,0.00026406,0.21943
0.35268,0.00087951,0.00087951,0.18558,0.38786,0.00087951,0.07124
0.05673,0.00020934,0.00020934,0.00020934,0.78522,0.00020934,0.15721
0.008751,0.008751,0.00079554,0.00079554,0.00079554,0.032617,0.94749
0.10765,0.029831,0.14656,0.092829,0.1373,0.00018529,0.48564
0.01662,0.2075,0.00016455,0.77522,0.00016455,0.00016455,0.00016455
0.82351,0.10848,0.0003488,0.0003488,0.010813,0.024765,0.03174
0.026556,0.00043535,0.00043535,0.20505,0.27035,0.00043535,0.49673
0.0035766,0.0071431,1.019e-05,0.9712,0.010506,1.019e-05,0.0075507
0.00012552,0.00012552,0.00012552,0.045312,0.25242,0.00012552,0.70177
0.020982,0.00023057,0.00023057,0.011759,0.93867,0.0071478,0.020982
0.18137,0.55478,0.0036621,0.056493,0.17416,0.0066639,0.022873
0.85064,0.00060716,0.043109,0.00060716,0.10383,0.00060716,0.00060716
0.017692,0.00084246,0.076664,0.26201,0.042965,0.017692,0.58214
0.00016085,0.0017693,0.00016085,0.16744,0.74007,0.090236,0.00016085
0.80404,0.079414,8.1786e-05,0.076961,0.038521,8.1786e-05,0.00089965
0.023443,0.28604,0.0030767,0.16124,0.48321,0.00047667,0.04251
8.2325e-05,0.00090557,8.2325e-05,8.2325e-05,8.2325e-05,8.2325e-05,0.99868
0.11802,0.10643,0.32664,0.00019316,0.00019316,0.00019316,0.44833
0.21664,0.087518,0.0014347,0.0014347,0.044476,0.0014347,0.64706
0.14451,0.013331,0.45655,1.3318e-05,0.17301,0.021721,0.19086
0.00029265,0.00029265,0.00029265,0.00029265,0.40708,0.00029265,0.59145
0.00012663,0.00012663,0.00012663,0.94352,0.055844,0.00012663,0.00012663
0.29319,0.16277,0.00017867,0.00017867,0.29677,0.24674,0.00017867
0.60181,0.00064641,0.28507,0.065288,0.045895,0.00064641,0.00064641
0.0045355,0.22881,2.5058e-05,0.074699,0.012805,0.66958,0.0095472
0.00020338,0.27476,0.077486,0.075453,0.57169,0.00020338,0.00020338
0.4562,0.37912,0.00070077,0.084793,0.00070077,0.077786,0.00070077
0.9062,0.001675,0.001675,0.001675,0.018425,0.068677,0.001675
0.46575,0.021947,0.24142,0.00012126,0.085001,0.00012126,0.18564
0.091721,0.80685,7.8327e-05,0.076839,0.0008616,0.0024281,0.021227
5.3513e-05,0.98202,5.3513e-05,0.017713,5.3513e-05,5.3513e-05,5.3513e-05
0.10736,0.062999,0.00088731,0.14286,0.3913,0.2937,0.00088731
0.00090334,0.00090334,0.00090334,0.00090334,0.01897,0.00090334,0.97651
0.00047687,0.3629,0.00047687,0.40582,0.00047687,0.00047687,0.22938
0.0041374,0.91231,2.2859e-05,0.020824,0.00070862,2.2859e-05,0.06197
0.00011066,0.097488,0.00011066,0.80901,0.068717,0.00011066,0.024455
0.063807,0.0029124,0.0029124,0.0029124,0.82102,0.00026476,0.10617
0.45147,0.31371,0.00062617,0.00062617,0.23231,0.00062617,0.00062617
0.27163,0.02442,0.0093458,0.45553,0.057582,0.057582,0.12391
0.56747,0.26639,0.025886,0.044245,0.095649,0.00018359,0.00018359
0.68764,0.22517,0.00025272,0.086176,0.00025272,0.00025272,0.00025272
0.00020012,0.024215,0.00020012,0.030218,0.00020012,0.00020012,0.94477
0.87485,0.0366,0.0011806,0.0011806,0.0011806,0.0011806,0.083825
0.21674,0.00024056,0.012268,0.45971,0.065191,0.13736,0.10849
0.15096,5.6731e-05,5.6731e-05,0.099336,0.3325,0.3274,0.089692
0.42274,0.0031188,0.0031188,0.0031188,0.46243,0.00028353,0.10519
0.0063064,0.00012366,0.00012366,0.00012366,0.00012366,0.00012366,0.99308
0.030634,0.00030331,0.00030331,0.00030331,0.0033364,0.15499,0.81013
0.00017995,0.00017995,0.0019795,0.18373,0.6804,0.00017995,0.13335
0.48768,0.0060208,0.00054735,0.00054735,0.50411,0.00054735,0.00054735
0.48633,0.020265,0.039539,0.0083968,0.3539,0.00027662,0.091294
6.428e-05,0.0077778,6.428e-05,0.15305,0.070772,6.428e-05,0.76821
0.20527,0.38287,0.01133,0.32673,0.00010207,0.0072471,0.066449
0.00054437,0.044094,0.065868,0.00054437,0.00054437,0.00054437,0.88786
0.60092,0.0011534,0.38178,0.0011534,0.0011534,0.0011534,0.012687
8.3424e-05,0.0025861,8.3424e-05,0.98198,0.0025861,8.3424e-05,0.012597
0.024899,0.0064553,7.0937e-05,0.063205,7.0937e-05,7.0937e-05,0.90523
0.00051361,0.0056497,0.00051361,0.21623,0.00051361,0.00051361,0.77607
0.00013972,0.00013972,0.00013972,0.079782,0.89716,0.00013972,0.022495
0.14427,0.26326,0.00049579,0.41696,0.00049579,0.00049579,0.17402
0.22999,0.68742,0.0012706,0.0012706,0.07751,0.0012706,0.0012706
0.079802,0.74608,0.026936,0.0051187,0.054628,0.0017622,0.085676
0.0024773,0.10157,0.024891,0.059101,0.81173,0.00011797,0.00011797
1.1039e-05,0.0060826,0.99342,1.1039e-05,1.1039e-05,1.1039e-05,0.0004526
0.00030331,0.00030331,0.00030331,0.082196,0.13376,0.00030331,0.78283
0.31609,0.39693,0.00080841,0.00080841,0.016977,0.00080841,0.26758
0.05653,0.080355,0.0067143,0.0023825,0.12151,0.73229,0.00021659
0.54123,0.0014993,0.0014993,0.0014993,0.0014993,0.45127,0.0014993
0.11779,0.00083542,0.00083542,0.00083542,0.00083542,0.87803,0.00083542
0.12078,0.16085,0.040641,0.00057241,0.0062965,0.65312,0.017745
0.057011,0.067283,0.00051361,0.00051361,0.12892,0.74525,0.00051361
0.024609,0.65101,0.04698,0.040879,0.083588,0.15274,0.00020338
0.019638,0.011937,0.00038506,0.00038506,0.71275,0.25452,0.00038506
0.24442,0.1095,0.067981,0.00051894,0.14063,0.43643,0.00051894
0.00078309,0.33751,0.00078309,0.21222,0.079092,0.22788,0.14174
0.00043535,0.061384,0.00043535,0.00043535,0.15281,0.78407,0.00043535
0.10566,0.17076,0.070606,0.00050075,0.41612,0.23585,0.00050075
0.52231,0.00068634,0.04873,0.00068634,0.089911,0.00068634,0.33699
0.7712,0.19921,0.0019724,0.0019724,0.0019724,0.021696,0.0019724
0.00025082,0.13318,0.00025082,0.00025082,0.067971,0.79784,0.00025082
