0.0017094,0.99316,0.0017094,0.0017094,0.0017094
0.00028369,0.99887,0.00028369,0.00028369,0.00028369
0.0004662,0.98415,0.0004662,0.0004662,0.014452
0.0036364,0.99537,0.00033058,0.00033058,0.00033058
0.38407,0.44585,0.052358,0.1174,0.0003252
0.0002751,0.93838,0.044292,0.016781,0.0002751
0.0020619,0.95052,0.0020619,0.043299,0.0020619
0.00080972,0.93198,0.065587,0.00080972,0.00080972
0.011321,0.98706,0.00053908,0.00053908,0.00053908
0.00085106,0.85191,0.00085106,0.14553,0.00085106
0.00093897,0.83662,0.15117,0.00093897,0.010329
0.00035524,0.59005,0.40533,0.0039076,0.00035524
0.050522,0.48058,0.16326,0.00041754,0.30522
0.0004158,0.99834,0.0004158,0.0004158,0.0004158
0.00071685,0.99713,0.00071685,0.00071685,0.00071685
0.014657,0.48274,0.00047281,0.49693,0.0052009
0.00034188,0.99863,0.00034188,0.00034188,0.00034188
0.0005277,0.99789,0.0005277,0.0005277,0.0005277
0.031362,0.93625,0.010797,0.02108,0.00051414
0.00040241,0.99839,0.00040241,0.00040241,0.00040241
0.00056022,0.92493,0.073389,0.00056022,0.00056022
0.00029895,0.89417,0.089985,0.015247,0.00029895
0.018851,0.97977,0.00045977,0.00045977,0.00045977
0.3385,0.64875,0.00055402,0.011634,0.00055402
0.010687,0.83003,0.11756,0.00050891,0.041221
0.32587,0.67253,0.00053333,0.00053333,0.00053333
0.051624,0.90532,6.6957e-05,0.0067626,0.036224
0.29218,0.70233,0.00042283,0.00042283,0.0046512
0.014868,0.80144,0.00047962,0.18273,0.00047962
0.00085106,0.9966,0.00085106,0.00085106,0.00085106
0.00048426,0.99806,0.00048426,0.00048426,0.00048426
0.00060423,0.36918,0.00060423,0.629,0.00060423
0.00026281,0.39711,0.00026281,0.6021,0.00026281
0.00033389,0.99199,0.00033389,0.0070117,0.00033389
0.00057307,0.91748,0.052149,0.00057307,0.029226
0.00044543,0.99822,0.00044543,0.00044543,0.00044543
0.29165,0.7044,0.00030349,0.00030349,0.0033384
0.00044743,0.99821,0.00044743,0.00044743,0.00044743
0.0001857,0.96583,0.018756,0.015042,0.0001857
0.0007722,0.99691,0.0007722,0.0007722,0.0007722
0.00080321,0.99679,0.00080321,0.00080321,0.00080321
0.00040404,0.9903,0.00040404,0.00040404,0.0084848
0.0016807,0.97647,0.018487,0.0016807,0.0016807
0.11314,0.88525,0.00053619,0.00053619,0.00053619
0.055607,0.53487,0.021813,0.3874,0.00030722
0.00034305,0.93002,0.00034305,0.068954,0.00034305
0.0020202,0.99192,0.0020202,0.0020202,0.0020202
0.00050125,0.85764,0.14085,0.00050125,0.00050125
0.00071685,0.97563,0.022222,0.00071685,0.00071685
0.0005168,0.99793,0.0005168,0.0005168,0.0005168
0.0005277,0.99789,0.0005277,0.0005277,0.0005277
0.29083,0.41777,0.29083,0.00028209,0.00028209
0.00011841,0.95453,0.045115,0.00011841,0.00011841
0.0006192,0.47121,0.0006192,0.42786,0.09969
0.15673,0.59296,0.0001759,0.24996,0.0001759
0.00038095,0.99467,0.0041905,0.00038095,0.00038095
0.082209,0.90429,0.000409,0.012679,0.000409
0.39015,0.60857,0.00042827,0.00042827,0.00042827
0.23192,0.63346,0.041441,0.036293,0.056885
0.0005168,0.97209,0.0005168,0.0005168,0.026357
0.00020597,0.9518,0.0022657,0.04552,0.00020597
0.00040733,0.88024,0.016701,0.10224,0.00040733
0.00044944,0.9982,0.00044944,0.00044944,0.00044944
0.17399,0.71281,0.00013271,0.10498,0.0080956
0.00037244,0.97989,0.00037244,0.018994,0.00037244
0.46337,0.53528,0.00044944,0.00044944,0.00044944
0.00046189,0.99815,0.00046189,0.00046189,0.00046189
0.00016434,0.89581,0.046179,0.057683,0.00016434
0.16161,0.77461,0.0006192,0.062539,0.0006192
0.00061538,0.99138,0.00061538,0.00061538,0.0067692
0.00011703,0.99485,0.00011703,0.00011703,0.0047981
0.0062323,0.89008,0.085552,0.00056657,0.017564
0.00016488,0.87403,0.12547,0.00016488,0.00016488
0.015385,0.90094,0.00037523,0.082927,0.00037523
0.00087336,0.99651,0.00087336,0.00087336,0.00087336
0.00045351,0.45397,0.00045351,0.54467,0.00045351
0.001227,0.89693,0.001227,0.013497,0.087117
0.0021505,0.9914,0.0021505,0.0021505,0.0021505
0.0014815,0.89037,0.0014815,0.075556,0.031111
0.15669,0.77624,0.021353,0.039398,0.0063158
0.0011696,0.85497,0.0011696,0.071345,0.071345
0.00022857,0.99909,0.00022857,0.00022857,0.00022857
0.0017094,0.99316,0.0017094,0.0017094,0.0017094
0.079803,0.91724,0.00098522,0.00098522,0.00098522
0.0018018,0.99279,0.0018018,0.0018018,0.0018018
0.0005168,0.99793,0.0005168,0.0005168,0.0005168
0.00089686,0.98744,0.00089686,0.00089686,0.0098655
0.010186,0.90211,0.082236,0.0052174,0.00024845
0.074132,0.85801,0.067413,0.00022396,0.00022396
0.0008658,0.77143,0.0008658,0.22597,0.0008658
0.068731,0.82415,0.087307,0.0068111,0.013003
0.010592,0.93479,0.054206,0.00020768,0.00020768
0.0068111,0.50836,0.0006192,0.48359,0.0006192
0.0057143,0.99273,0.00051948,0.00051948,0.00051948
0.00063091,0.81451,0.1836,0.00063091,0.00063091
0.00082988,0.8971,0.10041,0.00082988,0.00082988
0.14114,0.12345,4.6566e-05,0.67059,0.064773
0.162,0.61794,0.21997,4.6009e-05,4.6009e-05
0.0018018,0.99279,0.0018018,0.0018018,0.0018018
0.00019782,0.91612,0.018002,0.06548,0.00019782
0.0008658,0.99654,0.0008658,0.0008658,0.0008658
0.00041068,0.99836,0.00041068,0.00041068,0.00041068
0.00037523,0.9985,0.00037523,0.00037523,0.00037523
0.00029369,0.97239,0.014978,0.00029369,0.012041
0.00075472,0.99698,0.00075472,0.00075472,0.00075472
0.012734,0.98152,0.0052434,0.00024969,0.00024969
0.00037383,0.80785,0.03028,0.16112,0.00037383
0.00035907,0.83339,0.068582,0.090126,0.0075404
0.00014567,0.84938,0.14727,0.003059,0.00014567
0.00089686,0.9426,0.00089686,0.054709,0.00089686
0.00028129,0.99887,0.00028129,0.00028129,0.00028129
0.3043,0.69398,0.00057307,0.00057307,0.00057307
0.00069686,0.94843,0.049477,0.00069686,0.00069686
0.00051948,0.99792,0.00051948,0.00051948,0.00051948
0.0060274,0.63616,0.00054795,0.35671,0.00054795
0.00094787,0.99621,0.00094787,0.00094787,0.00094787
0.0002805,0.86143,0.031136,0.10687,0.0002805
0.00037951,0.91499,0.083871,0.00037951,0.00037951
0.063307,0.92945,0.00031496,0.0066142,0.00031496
0.0011299,0.99548,0.0011299,0.0011299,0.0011299
0.00032841,0.97898,0.00032841,0.020033,0.00032841
0.00048662,0.99805,0.00048662,0.00048662,0.00048662
0.020952,0.61143,0.0019048,0.0019048,0.36381
0.010783,0.98817,0.00034783,0.00034783,0.00034783
0.00051151,0.48133,0.00051151,0.30742,0.21023
0.00024661,0.99901,0.00024661,0.00024661,0.00024661
0.00082988,0.99668,0.00082988,0.00082988,0.00082988
0.00024969,0.84419,0.10262,0.052684,0.00024969
0.0017419,0.93444,0.025495,0.038163,0.00015835
0.00049875,0.998,0.00049875,0.00049875,0.00049875
0.00088106,0.99648,0.00088106,0.00088106,0.00088106
0.00083682,0.98828,0.009205,0.00083682,0.00083682
0.11363,0.65522,0.010973,0.21628,0.0038938
0.00045767,0.89748,0.00045767,0.10114,0.00045767
0.34977,0.64968,0.00018399,0.00018399,0.00018399
0.29336,0.70069,0.00045767,0.0050343,0.00045767
0.00025873,0.96016,0.039069,0.00025873,0.00025873
0.17527,0.70618,0.00072727,0.11709,0.00072727
0.19384,0.8055,0.00022002,0.00022002,0.00022002
0.034758,0.34815,0.0005698,0.61595,0.0005698
0.00033058,0.98215,0.01686,0.00033058,0.00033058
0.0014599,0.92117,0.016058,0.059854,0.0014599
0.00082988,0.99668,0.00082988,0.00082988,0.00082988
0.0013986,0.6028,0.0013986,0.1972,0.1972
0.00087336,0.35895,0.00087336,0.63843,0.00087336
0.00027435,0.17311,0.18683,0.30206,0.33772
0.0019048,0.95429,0.0019048,0.0019048,0.04
0.00063492,0.78794,0.21016,0.00063492,0.00063492
0.00095694,0.99617,0.00095694,0.00095694,0.00095694
0.2229,0.61347,0.0074074,0.15556,0.0006734
0.00037951,0.2926,0.00037951,0.70626,0.00037951
0.34164,0.56459,0.00065574,0.092459,0.00065574
0.010219,0.98832,0.00048662,0.00048662,0.00048662
0.0053269,0.43148,0.00048426,0.56223,0.00048426
0.00037665,0.8855,0.00037665,0.11337,0.00037665
0.0069401,0.99117,0.00063091,0.00063091,0.00063091
0.0005571,0.99777,0.0005571,0.0005571,0.0005571
0.00034542,0.99862,0.00034542,0.00034542,0.00034542
0.00053333,0.99787,0.00053333,0.00053333,0.00053333
0.00080321,0.99679,0.00080321,0.00080321,0.00080321
0.00050633,0.99797,0.00050633,0.00050633,0.00050633
0.00036166,0.88282,0.025678,0.083544,0.0075949
0.010742,0.97749,0.00051151,0.010742,0.00051151
0.0084623,0.69164,0.0002064,0.28504,0.014654
0.00025349,0.1853,0.00025349,0.81394,0.00025349
0.19708,0.12986,0.0023171,0.58201,0.088738
0.071383,0.86881,0.007074,0.013505,0.039228
0.36871,0.37663,0.00039604,0.00039604,0.25386
0.00034072,0.99864,0.00034072,0.00034072,0.00034072
0.0011834,0.92426,0.0011834,0.0011834,0.072189
0.58719,0.24483,7.6249e-05,0.0069386,0.16096
0.00074906,0.997,0.00074906,0.00074906,0.00074906
0.00029895,0.98685,0.012257,0.00029895,0.00029895
0.0019417,0.99223,0.0019417,0.0019417,0.0019417
0.0021505,0.75484,0.0021505,0.0021505,0.23871
0.020561,0.88037,0.0018692,0.0018692,0.095327
0.0019417,0.89515,0.0019417,0.0019417,0.099029
0.043299,0.78557,0.0020619,0.0020619,0.16701
0.00058651,0.99765,0.00058651,0.00058651,0.00058651
0.66183,0.17032,0.029427,0.070188,0.068228
0.00030912,0.98331,0.00030912,0.00030912,0.015765
0.0014388,0.86475,0.11655,0.0014388,0.015827
0.36627,0.59905,0.0052257,0.028979,0.00047506
0.0018692,0.86168,0.0018692,0.0018692,0.13271
0.0067692,0.776,0.00061538,0.216,0.00061538
0.1562,0.80749,0.00057637,0.035159,0.00057637
0.16782,0.28357,0.48895,0.025476,0.034189
0.6403,0.17802,0.010554,0.0035761,0.16755
0.2345,0.39466,0.1154,0.2345,0.020945
0.1331,0.70453,0.00069686,0.00069686,0.16098
0.30286,0.32735,0.00081633,0.00081633,0.36816
0.0016529,0.84463,0.0016529,0.0016529,0.15041
0.0018018,0.83063,0.0018018,0.0018018,0.16396
0.0018018,0.74054,0.0018018,0.0018018,0.25405
0.00088106,0.98767,0.00088106,0.0096916,0.00088106
0.3037,0.45859,0.0006734,0.034343,0.20269
0.00035398,0.68,0.049912,0.0074336,0.2623
0.0006006,0.95556,0.0006006,0.042643,0.0006006
0.00026631,0.9723,0.00026631,0.026897,0.00026631
0.00068259,0.79932,0.00068259,0.075768,0.12355
0.0018692,0.91776,0.076636,0.0018692,0.0018692
0.0044871,1.4179e-05,0.0052218,0.75017,0.24011
0.40691,0.13298,0.22119,0.22191,0.017016
0.00033956,0.1014,0.5231,0.053052,0.32211
0.0069647,1.5443e-05,1.5443e-05,0.085569,0.90744
0.2008,0.25691,0.39319,0.032465,0.11663
0.28821,0.70781,0.00030628,0.00030628,0.0033691
0.81093,0.18702,0.00015835,0.0017419,0.00015835
0.0011561,0.99538,0.0011561,0.0011561,0.0011561
0.00014914,0.088143,0.80254,0.00014914,0.10902
0.0082172,0.0056109,0.97869,4.9175e-06,0.0074795
0.0010695,0.99572,0.0010695,0.0010695,0.0010695
0.0012422,0.47329,0.026087,0.0012422,0.49814
0.33723,0.6292,0.0014599,0.030657,0.0014599
0.058499,0.36784,0.00030628,0.42297,0.15038
0.24405,0.035674,0.65223,0.038971,0.02908
0.21853,0.77767,0.00016543,0.0034739,0.00016543
0.0011976,0.5521,0.0011976,0.073054,0.37246
0.095507,0.091041,0.55378,0.25961,5.5819e-05
0.0026667,0.98933,0.0026667,0.0026667,0.0026667
6.5509e-05,0.022339,0.88706,6.5509e-05,0.090468
0.4443,0.49799,0.0013423,0.0013423,0.055034
0.72174,0.056598,0.0016781,0.058124,0.16186
0.015539,0.22105,0.00050125,0.76241,0.00050125
0.34737,0.44644,0.0006192,0.0006192,0.20495
0.7256,0.15793,0.00015468,0.00015468,0.11616
0.26058,0.707,0.0019486,0.030292,0.00017715
0.00089686,0.7991,0.00089686,0.00089686,0.19821
0.00035524,0.32362,0.028774,0.0039076,0.64334
0.25722,4.4494e-05,0.1362,0.39648,0.21006
0.2207,5.0147e-06,5.0147e-06,0.71289,0.066399
0.27022,0.70282,0.00062696,0.013166,0.013166
0.38282,0.05063,0.0002291,0.27514,0.29118
0.12289,0.79759,0.026506,0.050602,0.0024096
0.1835,0.27654,1.1838e-05,0.53993,1.1838e-05
0.16464,0.30398,0.001305,0.41848,0.1116
0.00034072,0.14685,0.85213,0.00034072,0.00034072
0.0005818,0.06264,0.022468,0.012218,0.90209
2.217e-05,2.217e-05,0.022414,0.063208,0.91433
0.0011299,0.88249,0.0011299,0.11412,0.0011299
0.65469,0.0017669,0.18603,0.02785,0.12966
0.40705,0.39065,0.17408,0.028056,0.00016407
0.088172,3.2499e-06,0.013978,0.89664,0.0012057
0.24088,0.031307,0.00025873,0.63674,0.090815
0.0011976,0.99521,0.0011976,0.0011976,0.0011976
0.0099176,0.021782,0.27911,0.049888,0.6393
0.0016807,0.8084,0.0016807,0.18655,0.0016807
0.050246,2.0927e-05,0.0002302,0.94676,0.0027414
0.0011696,0.99532,0.0011696,0.0011696,0.0011696
0.23498,0.7634,0.00012492,0.0013741,0.00012492
0.00013615,0.42219,0.045065,0.37046,0.16215
0.26842,0.10802,0.35358,0.018595,0.25138
0.0092414,0.0042995,0.78051,0.0024874,0.20346
0.82865,0.15348,0.0059574,0.0087943,0.0031206
0.021458,0.39165,0.49156,0.0001638,0.095168
0.25753,0.55885,0.036177,9.7513e-05,0.14734
0.44216,0.47589,0.020573,0.00033727,0.061046
0.0013245,0.9947,0.0013245,0.0013245,0.0013245
0.050976,0.16334,0.00011827,0.27096,0.51461
0.00067797,6.1633e-05,0.11716,0.51716,0.36493
0.0011429,0.99543,0.0011429,0.0011429,0.0011429
0.020602,0.010316,0.70745,0.01737,0.24426
0.0011834,0.99527,0.0011834,0.0011834,0.0011834
0.00051948,0.87844,0.00051948,0.00051948,0.12
0.00050378,0.80151,0.00050378,0.19698,0.00050378
0.022878,0.97491,0.00073801,0.00073801,0.00073801
0.58132,0.1144,0.1144,0.054734,0.13515
0.0146,0.00074106,0.095211,0.070378,0.81907
0.00093897,0.15117,0.57371,0.00093897,0.27324
0.0019048,0.28762,0.0019048,0.0019048,0.70667
8.0613e-05,0.86344,0.088755,0.0041112,0.043611
0.59684,0.27295,0.0043938,0.047674,0.078135
0.023195,0.030072,0.41519,0.15574,0.3758
0.0012121,0.99515,0.0012121,0.0012121,0.0012121
0.0063401,0.99193,0.00057637,0.00057637,0.00057637
8.1466e-05,0.28929,0.70232,0.0065988,0.0017108
0.022826,0.71494,0.10136,0.16081,7.3394e-05
0.36326,0.32055,0.063226,0.11911,0.13385
0.0011299,0.99548,0.0011299,0.0011299,0.0011299
0.46117,0.53677,0.00068729,0.00068729,0.00068729
0.048062,0.91628,0.0015504,0.0015504,0.032558
0.012022,0.9847,0.0010929,0.0010929,0.0010929
0.0011299,0.98418,0.012429,0.0011299,0.0011299
0.028895,0.96941,0.00056657,0.00056657,0.00056657
0.0011561,0.99538,0.0011561,0.0011561,0.0011561
0.00011142,0.5405,0.17281,0.28646,0.00011142
0.00035778,0.84114,0.00035778,0.00035778,0.15778
0.32739,0.61614,0.00042463,0.00042463,0.055626
0.34042,0.43087,0.16525,0.00014358,0.063317
0.09011,0.88132,0.024176,0.0021978,0.0021978
0.0040939,0.17983,9.985e-05,0.0030954,0.81288
0.0012903,0.99484,0.0012903,0.0012903,0.0012903
0.004793,0.19651,0.00043573,0.00043573,0.79782
0.37015,0.2544,5.1908e-05,0.37534,5.1908e-05
0.00020899,0.00020899,0.85496,0.029467,0.11515
0.43197,0.51375,0.00074349,0.00074349,0.052788
0.0010582,0.99577,0.0010582,0.0010582,0.0010582
0.001105,0.99558,0.001105,0.001105,0.001105
0.00034305,0.04837,0.81338,0.00034305,0.13756
0.0030646,5.0239e-05,0.10756,0.47481,0.41452
0.42082,0.14289,0.067684,0.11891,0.2497
7.228e-05,0.10705,7.228e-05,7.228e-05,0.89274
0.17101,0.40612,0.31272,0.00032206,0.10982
0.11076,0.47297,0.00052493,0.41522,0.00052493
0.03957,0.9402,0.00017905,0.019875,0.00017905
0.0011299,0.99548,0.0011299,0.0011299,0.0011299
0.06148,0.86405,0.072009,0.0023984,5.8497e-05
0.25055,0.0006233,0.29518,0.39833,0.055313
0.96506,0.033223,0.00013236,0.00013236,0.001456
0.0011429,0.99543,0.0011429,0.0011429,0.0011429
0.0011976,0.99521,0.0011976,0.0011976,0.0011976
0.00025413,0.97611,0.00025413,0.007878,0.015502
0.82543,0.074828,0.049772,0.049772,0.00019687
0.12764,0.51745,0.00025478,0.35439,0.00025478
0.04104,0.85812,0.016899,0.020613,0.063324
0.3891,0.13198,0.00016273,0.324,0.15476
0.0087332,0.11439,0.015202,0.85294,0.0087332
0.17557,0.55179,0.097073,0.15938,0.016191
0.12203,0.10988,0.51274,0.055611,0.19974
0.70252,0.29702,0.00015302,0.00015302,0.00015302
0.00088889,0.30311,0.00088889,0.00088889,0.69422
0.000246,0.11587,0.56605,0.31759,0.000246
3.6186e-05,0.0094445,3.6186e-05,0.019577,0.97091
0.00038095,0.78514,0.21371,0.00038095,0.00038095
0.0075437,0.11058,0.00018399,0.88151,0.00018399
0.001005,0.44322,0.49347,0.001005,0.061307
0.0011299,0.99548,0.0011299,0.0011299,0.0011299
0.22207,0.52552,0.0013793,0.0013793,0.24966
0.044604,0.80719,0.0014388,0.0014388,0.14532
0.66806,0.08177,0.021488,0.14497,0.083714
0.0010929,0.70055,0.066667,0.0010929,0.2306
0.24692,0.74545,0.0064516,0.00058651,0.00058651
0.0010582,0.98519,0.0010582,0.01164,0.0010582
0.29557,0.10384,0.16001,0.44055,2.9407e-05
0.73723,0.030161,0.1327,0.022549,0.077367
0.10522,0.89237,0.00080321,0.00080321,0.00080321
0.025882,0.92,0.0023529,0.025882,0.025882
0.43233,0.024661,0.21173,0.27332,0.057967
0.085486,0.89774,0.016245,0.00026631,0.00026631
0.0011429,0.99543,0.0011429,0.0011429,0.0011429
0.065244,0.011342,0.61887,0.069736,0.23481
0.075556,0.68296,0.14963,0.0014815,0.09037
0.0065332,0.10769,0.59874,0.13509,0.15195
0.0010695,0.41818,0.0010695,0.0010695,0.57861
0.31844,0.60506,0.00021075,0.036038,0.040253
0.36133,0.52707,0.0593,0.051934,0.00036832
0.077605,0.00017173,1.5612e-05,0.92219,1.5612e-05
0.078252,2.5481e-05,2.5481e-05,0.92167,2.5481e-05
0.0061972,0.11324,0.59775,0.27662,0.0061972
0.0004008,0.52144,0.028457,0.14068,0.30902
0.0011696,0.99532,0.0011696,0.0011696,0.0011696
0.22937,0.76774,0.0024472,0.00022247,0.00022247
0.021345,0.19436,0.0029653,0.32695,0.45438
0.63582,0.27761,0.01322,0.04307,0.030277
0.16984,0.52333,0.22797,0.0017282,0.077141
0.024561,0.97193,0.0011696,0.0011696,0.0011696
0.0013986,0.68671,0.14126,0.0013986,0.16923
0.0011696,0.99532,0.0011696,0.0011696,0.0011696
8.7835e-05,0.75108,0.16785,0.039614,0.04137
0.051366,0.058652,0.0003643,0.39016,0.49945
0.00025349,0.20558,0.00025349,0.65171,0.14221
0.22628,0.24468,0.3025,0.026544,0.2
0.13959,0.014133,0.75513,0.061731,0.029411
0.0011976,0.99521,0.0011976,0.0011976,0.0011976
0.00025284,0.21011,0.77649,0.00025284,0.012895
0.58552,0.41281,0.0005571,0.0005571,0.0005571
0.33812,0.17294,0.061039,0.42789,1.4093e-05
0.032766,3.3063e-05,0.52409,0.031774,0.41134
0.00018198,0.016561,0.64076,0.28226,0.060237
0.29494,0.17502,0.00012492,0.30868,0.22124
0.053815,0.21446,0.0082999,0.50629,0.21714
0.0010929,0.99563,0.0010929,0.0010929,0.0010929
0.3361,0.13663,0.44362,0.0050593,0.078594
0.060959,0.53749,0.14451,0.25694,0.00010315
0.0011976,0.99521,0.0011976,0.0011976,0.0011976
0.14496,0.84247,0.00023725,0.00023725,0.0121
0.0011834,0.60473,0.0011834,0.0011834,0.39172
0.0010471,0.90157,0.0010471,0.095288,0.0010471
0.57372,0.10686,0.0095015,0.049384,0.26053
0.0013423,0.99463,0.0013423,0.0013423,0.0013423
0.068633,0.68295,0.12764,0.12069,8.6768e-05
0.37969,0.068302,5.3319e-05,0.13868,0.41328
0.0011561,0.99538,0.0011561,0.0011561,0.0011561
0.7653,0.026102,0.0065581,0.02089,0.18115
0.46754,0.48189,0.00011955,0.00011955,0.050329
0.18376,0.8132,0.0010152,0.0010152,0.0010152
0.81708,0.047006,0.082752,0.037048,0.016111
0.66676,0.3195,9.1845e-05,4.3736e-06,0.01365
0.53859,0.39834,0.0072376,0.012632,0.043201
0.14662,0.58409,0.045107,0.029409,0.19477
0.29447,0.51309,0.17571,0.00026991,0.016464
0.44163,0.45796,0.00081633,0.090612,0.0089796
2.7009e-05,2.7009e-05,2.7009e-05,0.12994,0.86998
0.94692,0.030095,4.2328e-05,0.022476,0.00046561
0.24902,0.74636,0.00035524,0.0039076,0.00035524
0.080598,0.13261,0.50822,0.27853,4.603e-05
0.0093216,9.574e-05,0.69856,0.17713,0.1149
0.00088889,0.312,0.00088889,0.45422,0.232
0.011212,0.98047,0.0075949,0.00036166,0.00036166
0.00029985,0.24618,0.32414,0.18621,0.24318
0.42314,0.35654,0.015174,0.055648,0.1495
0.54033,0.3471,0.015979,0.046415,0.050178
0.42514,0.041626,0.01112,0.47962,0.042503
0.037082,0.96109,0.0006079,0.0006079,0.0006079
0.61948,0.16276,0.03411,0.12042,0.063223
0.74817,0.18254,0.0062719,0.026405,0.036616
0.84698,0.14939,8.4353e-05,0.0034585,8.4353e-05
0.00057307,0.23553,0.0063037,0.54499,0.21261
0.68442,0.31509,0.00016488,0.00016488,0.00016488
0.00079681,0.5745,0.00079681,0.42311,0.00079681
0.054233,0.87632,0.034601,0.027239,0.0076074
0.16048,0.047346,0.35808,0.33096,0.10314
0.00044944,0.61618,0.1982,0.18022,0.0049438
0.60815,0.39083,0.00033956,0.00033956,0.00033956
0.022969,0.67283,0.00056022,0.25826,0.045378
0.18635,0.20703,0.50279,0.049845,0.053981
0.011798,1.4028e-05,0.87537,0.00043487,0.11238
0.0089711,0.0017168,0.94767,2.4181e-05,0.041615
0.14938,0.84913,0.00049628,0.00049628,0.00049628
0.001227,0.97055,0.025767,0.001227,0.001227
0.0011976,0.99521,0.0011976,0.0011976,0.0011976
8.9166e-05,0.13562,0.041106,0.4165,0.40669
0.76622,0.22496,0.00023655,1.1264e-05,0.0085722
0.0010695,0.98503,0.011765,0.0010695,0.0010695
0.11476,0.75675,0.084063,0.043431,0.00099323
0.53637,0.19312,0.037808,0.16126,0.071441
0.2755,0.71377,0.010472,0.00012928,0.00012928
0.019263,0.87776,0.078716,0.014507,0.0097503
0.16106,0.81593,0.0017699,0.0017699,0.019469
0.64233,0.1118,0.13842,0.066211,0.041239
0.62535,0.37339,1.7294e-05,1.7294e-05,0.0012278
0.46044,0.38213,0.035026,0.068438,0.053965
0.0011299,0.98418,0.0011299,0.012429,0.0011299
0.001105,0.99558,0.001105,0.001105,0.001105
0.90742,0.081184,0.0049782,0.0014392,0.0049782
0.27076,0.67371,0.0004914,0.0004914,0.054545
0.00025608,0.58924,0.39974,0.010499,0.00025608
0.00012812,0.00012812,0.00012812,0.39731,0.60231
0.28377,0.68168,0.0010471,0.032461,0.0010471
0.6769,0.038047,0.029009,0.13531,0.12074
0.32711,0.66707,0.0056351,9.2379e-05,9.2379e-05
0.46968,0.016564,0.23559,0.26297,0.015195
0.20423,0.69088,0.024887,0.0030563,0.076944
0.31551,0.6401,0.00047733,0.00047733,0.043437
0.013333,0.97091,0.0012121,0.0012121,0.013333
0.025538,5.3093e-05,0.82777,0.14659,5.3093e-05
0.26002,0.71382,0.012992,0.012992,0.00018298
0.66482,0.33281,0.00079051,0.00079051,0.00079051
0.42494,0.45417,0.00017197,0.00017197,0.12055
0.0015267,0.68855,0.016794,0.0015267,0.2916
0.78656,0.083338,0.031988,0.021156,0.076956
0.66551,0.333,0.00049628,0.00049628,0.00049628
0.0054334,0.79457,0.00025873,0.14774,0.052005
0.0014599,0.78978,0.0014599,0.0014599,0.20584
0.0011696,0.98363,0.012865,0.0011696,0.0011696
0.058524,0.00010621,0.43664,0.50462,0.00010621
0.0011696,0.98363,0.0011696,0.012865,0.0011696
0.15698,0.0070054,9.8668e-05,0.674,0.16191
0.047385,0.13149,0.018667,0.78995,0.012513
0.30292,0.1153,0.26256,0.27564,0.043585
0.0055906,0.066907,0.00018034,0.54121,0.38611
0.020377,0.32478,0.01283,0.00025157,0.64176
0.23563,0.76194,0.00080972,0.00080972,0.00080972
0.0011696,0.99532,0.0011696,0.0011696,0.0011696
0.18188,0.32125,0.39094,0.00069686,0.10523
0.0008658,0.99654,0.0008658,0.0008658,0.0008658
0.050692,0.055509,0.00012041,0.79843,0.095244
0.17301,0.21491,4.8721e-05,0.61199,4.8721e-05
0.5861,0.0087603,3.2326e-05,3.2326e-05,0.40508
0.0011696,0.96023,0.024561,0.012865,0.0011696
0.00080321,0.96466,0.00080321,0.00080321,0.032932
0.0024542,3.0298e-05,0.013059,0.16304,0.82142
0.009205,0.98828,0.00083682,0.00083682,0.00083682
0.1052,0.84509,0.0011561,0.047399,0.0011561
0.00048662,0.14647,0.00048662,0.010219,0.84234
0.00013271,0.002787,0.72873,0.26821,0.00013271
0.00052219,0.00052219,0.00052219,0.60104,0.39739
0.0012422,0.99503,0.0012422,0.0012422,0.0012422
0.6399,0.35345,0.00051151,0.00051151,0.0056266
0.20266,0.13342,0.43702,0.22663,0.00026631
0.0013072,0.48497,0.51111,0.0013072,0.0013072
0.0011561,0.99538,0.0011561,0.0011561,0.0011561
0.0004914,0.23145,0.039803,0.0004914,0.72776
0.0011696,0.99532,0.0011696,0.0011696,0.0011696
0.44047,0.14721,0.012317,0.00058651,0.39941
0.00016736,0.053724,0.00016736,0.75331,0.19264
0.0011976,0.98323,0.0011976,0.013174,0.0011976
0.00022346,0.3019,0.69743,0.00022346,0.00022346
0.63005,0.26869,0.00035778,0.10054,0.00035778
0.0018628,0.9536,0.00016935,0.00016935,0.0442
0.16444,0.8163,0.0014815,0.016296,0.0014815
0.36754,0.62932,0.0010471,0.0010471,0.0010471
0.12591,2.0014e-05,0.57983,0.29423,2.0014e-05
0.00074349,0.99703,0.00074349,0.00074349,0.00074349
0.00064725,0.55728,0.013592,0.026537,0.40194
0.09258,0.42473,0.00070671,0.35406,0.12792
0.0011561,0.99538,0.0011561,0.0011561,0.0011561
0.6326,0.070835,0.14259,0.15387,0.00010251
0.0093321,0.35883,0.63147,0.00018298,0.00018298
0.0015267,0.84122,0.062595,0.0015267,0.09313
0.11028,0.8891,0.00020768,0.00020768,0.00020768
0.020944,0.90472,0.00023015,0.00023015,0.073878
0.00016764,0.89204,0.030344,0.065549,0.011903
0.019355,0.3788,0.037788,0.25899,0.30507
0.4771,0.34023,0.00019811,0.12429,0.05819
0.0011173,0.98436,0.012291,0.0011173,0.0011173
0.0011561,0.64855,0.024277,0.0011561,0.32486
0.7935,0.20547,0.00034188,0.00034188,0.00034188
0.086738,0.91111,0.00071685,0.00071685,0.00071685
0.0010471,0.37801,0.2,0.0010471,0.4199
0.0015504,0.9938,0.0015504,0.0015504,0.0015504
0.0011299,0.99548,0.0011299,0.0011299,0.0011299
0.00075265,0.17865,0.0096476,0.0096476,0.8013
0.00021529,0.37266,0.19182,0.20258,0.23272
0.13251,0.28066,0.56872,0.017284,0.00082305
0.78064,0.21399,0.00010137,0.00010137,0.0051698
0.0011561,0.99538,0.0011561,0.0011561,0.0011561
0.33223,0.64628,0.0016529,0.018182,0.0016529
0.00019589,0.00019589,0.77395,0.084427,0.14123
0.34242,0.52837,0.00010565,0.00010565,0.129
0.60157,0.025215,0.00015662,0.37134,0.0017228
0.0080586,0.93114,0.059341,0.0007326,0.0007326
0.16935,0.28723,0.40904,0.023969,0.11041
0.00021668,0.08039,0.2104,0.32091,0.38808
0.35034,0.30421,0.057259,0.089824,0.19837
0.56977,0.31376,0.1163,8.7374e-05,8.7374e-05
0.17541,0.61828,8.3091e-05,0.20615,8.3091e-05
0.024379,0.00011031,0.35863,0.27369,0.34319
0.28789,0.60179,0.00089686,0.10852,0.00089686
0.00041408,0.81201,0.00041408,0.0045549,0.18261
0.00013201,0.95723,0.042376,0.00013201,0.00013201
0.00093912,6.0411e-05,0.93902,0.0020375,0.057945
0.0010811,0.99568,0.0010811,0.0010811,0.0010811
0.0011429,0.984,0.0011429,0.012571,0.0011429
0.0010363,0.99585,0.0010363,0.0010363,0.0010363
0.61942,0.00043859,0.13448,0.001522,0.24413
0.00014826,0.053521,0.11282,0.23291,0.60059
0.11079,0.53225,0.18122,0.17451,0.0012297
0.6,0.39827,0.00057637,0.00057637,0.00057637
0.87565,0.021579,0.010004,0.092683,8.2679e-05
0.00012012,0.17429,0.51544,0.30282,0.0073273
8.8771e-05,0.044474,0.93662,0.018731,8.8771e-05
0.00052493,0.089764,0.0057743,0.00052493,0.90341
0.052824,0.018397,0.00010758,0.92856,0.00010758
0.0011696,0.99532,0.0011696,0.0011696,0.0011696
0.00085837,0.99657,0.00085837,0.00085837,0.00085837
9.3327e-05,0.020625,0.90817,0.020625,0.05049
0.0012979,0.0036578,0.45676,0.50159,0.036696
0.0012579,0.99497,0.0012579,0.0012579,0.0012579
0.012429,0.5548,0.080226,0.012429,0.34011
0.0011976,0.99521,0.0011976,0.0011976,0.0011976
0.0012903,0.99484,0.0012903,0.0012903,0.0012903
0.001105,0.99558,0.001105,0.001105,0.001105
0.055823,0.10758,0.00036969,0.78041,0.055823
0.24421,0.16828,0.49025,0.0049015,0.092359
0.00088106,0.89075,0.00088106,0.00088106,0.10661
0.0011429,0.99543,0.0011429,0.0011429,0.0011429
0.00038835,0.41592,0.18291,0.40039,0.00038835
0.4533,0.0068247,5.2097e-05,5.2097e-05,0.53978
0.17686,0.78874,0.00030441,0.00030441,0.03379
0.029738,0.55452,0.30379,0.00058309,0.11137
0.21905,0.21163,0.06444,0.04094,0.46395
0.4714,0.14088,0.00064009,0.32767,0.059412
0.20086,0.79871,0.00014337,0.00014337,0.00014337
0.82821,0.16215,0.0020018,0.00018198,0.0074613
0.48316,0.018627,0.00049853,4.5321e-05,0.49767
0.012717,0.98382,0.0011561,0.0011561,0.0011561
0.080106,0.15968,0.021751,0.73793,0.0005305
0.00016764,0.057167,0.89707,0.045432,0.00016764
0.14982,1.4281e-05,0.027147,0.77988,0.043142
0.089963,0.90781,0.00074349,0.00074349,0.00074349
0.0010363,0.99585,0.0010363,0.0010363,0.0010363
0.0012903,0.55613,0.0012903,0.44,0.0012903
0.37993,0.26097,0.12714,0.00074349,0.23123
0.0011173,0.85028,0.0011173,0.11285,0.034637
0.1432,0.56923,0.0011834,0.0011834,0.28521
0.0011976,0.99521,0.0011976,0.0011976,0.0011976
0.21546,0.04264,8.6843e-05,0.74173,8.6843e-05
0.43814,0.51256,0.019535,0.019535,0.010233
0.26258,0.2174,0.00028398,0.43658,0.083155
0.0010695,0.99572,0.0010695,0.0010695,0.0010695
0.0011299,0.96158,0.0011299,0.0011299,0.035028
0.20253,0.11406,0.67014,0.012954,0.00031596
0.00041237,0.87052,0.012784,0.00041237,0.11588
0.055093,0.37042,0.01612,0.49088,0.067493
0.10829,0.42049,0.46927,0.00097561,0.00097561
0.81188,0.050156,0.00012508,0.13771,0.00012508
0.92199,0.037784,0.0001108,0.04,0.0001108
0.27632,0.72266,0.00034072,0.00034072,0.00034072
0.11986,0.10945,0.00017346,0.68534,0.085169
0.28468,3.95e-06,0.00020145,0.5624,0.15271
0.021443,0.76581,0.10612,0.10612,0.0005008
0.001105,0.54254,0.001105,0.44309,0.012155
0.00019436,0.70573,0.00019436,0.29368,0.00019436
0.58788,0.4014,0.0051282,0.0004662,0.0051282
0.25493,0.19291,0.00022148,0.55172,0.00022148
0.1337,0.86298,0.001105,0.001105,0.001105
0.71508,0.28353,0.00046404,0.00046404,0.00046404
0.0011976,0.99521,0.0011976,0.0011976,0.0011976
0.020855,0.74239,0.0072713,0.2294,7.9904e-05
0.55706,0.34722,0.074415,0.021146,0.00016142
9.0621e-05,0.48491,9.0621e-05,0.51482,9.0621e-05
0.061045,0.23687,4.4853e-05,0.702,4.4853e-05
0.32524,0.069703,0.0001265,0.0089817,0.59595
0.10525,0.87305,0.00023337,0.00023337,0.021237
0.07418,0.010068,0.80796,0.10774,5.0088e-05
0.00076628,0.99693,0.00076628,0.00076628,0.00076628
0.14037,0.47978,0.25691,0.069483,0.05346
0.00079051,0.095652,0.00079051,0.00079051,0.90198
0.1801,0.58806,0.010945,0.00099502,0.2199
0.089713,0.90567,0.00013996,0.0043387,0.00013996
0.34071,0.65692,0.00079051,0.00079051,0.00079051
0.009205,0.98828,0.00083682,0.00083682,0.00083682
0.21166,0.41566,0.13515,0.17523,0.062295
0.00045147,0.063657,0.00045147,0.00045147,0.93499
0.001105,0.99558,0.001105,0.001105,0.001105
0.0004158,0.0004158,0.0004158,0.0004158,0.99834
0.0073298,0.00034904,0.00034904,0.37382,0.61815
0.29209,0.38454,0.027744,0.17064,0.12499
0.40429,0.52446,0.00085837,0.060944,0.0094421
0.89331,0.029739,0.0001022,0.0092999,0.067552
0.43115,0.031871,5.1322e-05,5.1322e-05,0.53687
0.0011173,0.99553,0.0011173,0.0011173,0.0011173
0.062728,0.35639,0.50061,0.00017376,0.080104
0.00071685,0.093907,0.00071685,0.00071685,0.90394
0.0010451,0.0438,0.017197,0.78679,0.15116
0.0011561,0.97225,0.024277,0.0011561,0.0011561
0.00099502,0.62786,0.00099502,0.36915,0.00099502
0.63942,0.18764,0.049121,0.074694,0.049121
0.00064725,0.00064725,0.00064725,0.00064725,0.99741
0.35783,0.00072304,1.7635e-05,0.63753,0.0038974
1.3863e-05,1.3863e-05,0.20408,0.36821,0.42768
0.0022773,4.4653e-05,0.53409,0.36754,0.096048
2.1033e-05,2.1033e-05,0.031991,0.34727,0.6207
0.0011696,0.99532,0.0011696,0.0011696,0.0011696
0.0011299,0.99548,0.0011299,0.0011299,0.0011299
9.8571e-05,0.12331,0.56294,0.28201,0.031641
0.0010695,0.32193,0.42888,0.24706,0.0010695
0.0011561,0.83353,0.0011561,0.16301,0.0011561
0.18063,0.085279,0.58151,0.00347,0.14911
0.48385,0.43529,0.00018674,0.011391,0.069281
0.51848,0.39067,0.00034542,0.00034542,0.090155
0.00024783,0.16134,0.00024783,0.17373,0.66444
0.001105,0.99558,0.001105,0.001105,0.001105
0.00088106,0.21233,0.00088106,0.00088106,0.78502
0.00058997,0.018289,0.00058997,0.00058997,0.97994
0.0272,0.30453,0.00053333,0.24587,0.42187
0.00054496,0.022343,0.00054496,0.10954,0.86703
0.0001336,0.0001336,0.0001336,0.69619,0.30341
0.0010582,0.99577,0.0010582,0.0010582,0.0010582
0.0011561,0.98382,0.012717,0.0011561,0.0011561
0.44053,0.41384,0.00016681,0.03186,0.11359
0.084769,0.0023158,2.5449e-05,0.91185,0.0010434
0.0012121,0.76485,0.0012121,0.23152,0.0012121
0.080119,0.063403,0.0001194,0.7834,0.072955
0.0015748,0.52126,0.47402,0.0015748,0.0015748
0.2801,0.032484,0.63274,0.024762,0.02991
0.0011696,0.99532,0.0011696,0.0011696,0.0011696
0.075367,0.0012049,1.6971e-05,0.90082,0.022588
0.00052219,0.95614,0.00052219,0.042298,0.00052219
0.00055096,0.061157,0.41377,0.40826,0.11625
0.90993,0.089185,0.0002963,0.0002963,0.0002963
0.00049383,0.81037,0.18815,0.00049383,0.00049383
0.44205,0.5241,0.031795,0.0010256,0.0010256
0.21939,0.61939,0.0012121,0.0012121,0.15879
0.07052,0.35954,0.0011561,0.07052,0.49827
0.0082192,0.85362,0.00039139,0.00039139,0.13738
0.71127,0.26881,0.0038913,2.577e-05,0.016003
0.50088,0.00027037,0.37346,1.1704e-06,0.12539
0.016223,6.7317e-05,0.15624,0.66786,0.15961
0.51144,0.073479,0.41411,0.00048662,0.00048662
0.89949,0.093795,0.002238,0.00020346,0.0042726
0.42032,0.037981,0.54145,0.00012618,0.00012618
0.4852,0.00021095,0.46296,0.0021287,0.049497
0.045567,2.4862e-05,0.13328,0.0014036,0.81972
0.17193,0.10175,0.63197,0.00038986,0.093957
0.16728,0.15388,0.0080173,0.59797,0.072847
0.00036298,0.15644,0.33067,0.51216,0.00036298
0.0010695,0.98503,0.0010695,0.0010695,0.011765
0.82188,0.049513,0.074696,0.025424,0.02849
0.81133,0.12512,0.002914,0.029471,0.031166
0.58365,0.40926,0.00054496,0.0059946,0.00054496
0.00018779,0.028357,0.89033,0.056526,0.024601
0.00077821,0.94241,0.00077821,0.055253,0.00077821
0.00063492,0.23556,0.00063492,0.62921,0.13397
0.41749,0.56985,0.00035432,3.2211e-05,0.012273
0.0011299,0.92768,0.0011299,0.0011299,0.068927
0.016263,0.0001077,0.90156,0.0001077,0.08196
0.77762,0.17456,0.00023557,0.00023557,0.04735
0.001105,0.87403,0.001105,0.12265,0.001105
0.58741,0.31713,0.0052299,0.040954,0.049279
0.85085,0.12878,0.020003,0.00033799,3.0727e-05
0.037666,0.96074,0.0005305,0.0005305,0.0005305
0.0011299,0.99548,0.0011299,0.0011299,0.0011299
0.30794,0.37143,0.043386,0.043386,0.23386
0.070291,0.38485,0.45476,0.00038835,0.089709
0.0011696,0.99532,0.0011696,0.0011696,0.0011696
0.44526,0.010932,4.9468e-05,4.9468e-05,0.54371
0.4705,0.20671,0.00047962,0.00047962,0.32182
0.26225,0.071123,0.018903,0.024125,0.6236
0.047342,0.043437,0.25867,0.18967,0.46088
0.00043384,0.75531,0.00043384,0.24338,0.00043384
0.0065116,0.14605,0.76,0.065426,0.022016
0.40919,0.033428,8.1334e-05,0.18634,0.37096
0.67061,0.31756,8.8928e-05,8.8928e-05,0.01165
0.14595,0.79459,0.0018018,0.0018018,0.055856
0.62144,0.11146,0.14293,0.072327,0.051845
0.41423,0.33772,0.044888,0.036081,0.16708
0.0089568,0.0030571,0.90553,1.7878e-05,0.082435
0.8361,0.03411,0.0072565,0.048442,0.074089
0.43649,0.19594,8.1268e-05,0.19837,0.16912
0.38622,0.40766,0.033997,0.00030628,0.17182
0.0011173,0.95084,0.012291,0.034637,0.0011173
0.026474,0.84954,0.073657,0.00026212,0.050066
0.068927,0.92768,0.0011299,0.0011299,0.0011299
0.1069,0.89191,0.00039448,0.00039448,0.00039448
0.0013245,0.63709,0.0013245,0.080795,0.27947
0.062555,0.89956,0.00088106,0.00088106,0.036123
0.64711,0.15924,0.053642,0.066598,0.07341
0.00066007,0.81914,0.00066007,0.00066007,0.17888
0.0011976,0.99521,0.0011976,0.0011976,0.0011976
0.0011561,0.94913,0.0011561,0.047399,0.0011561
0.72411,0.16961,0.031103,0.0024662,0.072713
0.59084,0.22568,0.00011167,0.18213,0.0012284
0.036833,7.0696e-05,7.0696e-05,7.0696e-05,0.96296
0.0032533,0.010999,0.00015492,0.00015492,0.98544
0.010075,0.0098031,0.95128,2.7155e-05,0.028812
0.0010363,0.99585,0.0010363,0.0010363,0.0010363
0.60145,0.1489,0.021844,0.13009,0.097719
0.0017391,0.69739,0.0017391,0.0017391,0.29739
0.00071174,0.35658,0.18577,0.00071174,0.45623
0.55381,4.6849e-05,4.6849e-05,4.6849e-05,0.44605
0.049846,0.41908,0.16677,0.20985,0.15446
0.0012903,0.99484,0.0012903,0.0012903,0.0012903
4.4633e-05,4.4633e-05,0.54189,0.38121,0.076813
0.45358,0.29509,0.00075472,0.00075472,0.24981
0.45411,0.032009,0.0091033,0.44207,0.062707
0.00067797,0.4278,0.00067797,0.088814,0.48203
0.00076628,0.72874,0.00076628,0.016092,0.25364
0.0014538,0.14337,0.49228,0.14891,0.21398
0.00084388,0.80253,0.00084388,0.00084388,0.19494
0.7168,0.085266,0.052911,0.032862,0.11216
0.0011976,0.99521,0.0011976,0.0011976,0.0011976
0.0012121,0.99515,0.0012121,0.0012121,0.0012121
0.17614,0.47088,0.00070175,0.35158,0.00070175
0.0011976,0.99521,0.0011976,0.0011976,0.0011976
0.0012579,0.99497,0.0012579,0.0012579,0.0012579
0.24694,0.71286,0.039862,0.00017256,0.00017256
0.013445,0.80396,0.096011,0.086527,5.5788e-05
0.32293,0.67415,0.00097561,0.00097561,0.00097561
0.13278,0.00049171,0.60625,0.26031,0.00017448
0.0024096,0.84578,0.14699,0.0024096,0.0024096
0.064264,0.42062,0.0002002,0.51071,0.0042042
0.0011696,0.98363,0.0011696,0.012865,0.0011696
0.0011561,0.98382,0.012717,0.0011561,0.0011561
0.0005698,0.2,0.0005698,0.67293,0.12593
0.64707,0.022243,0.32681,9.2293e-05,0.003784
0.052495,0.56443,0.38221,0.00043384,0.00043384
0.61556,0.0049699,3.0869e-05,3.0869e-05,0.37941
0.013626,0.2422,0.00043956,0.61582,0.12791
0.0080788,0.047488,0.00019704,0.60512,0.33911
0.00066445,0.92425,0.00066445,0.06711,0.007309
0.0015038,0.61805,0.0015038,0.0015038,0.37744
0.00097561,0.2839,0.00097561,0.62537,0.08878
0.81177,0.091618,3.7843e-05,0.0030653,0.09351
0.062522,0.13851,0.00034542,0.79827,0.00034542
0.10038,1.9374e-05,0.024625,0.063373,0.81161
0.48274,0.46319,0.00065147,0.00065147,0.052769
0.51215,0.38422,0.00042644,0.10277,0.00042644
0.00049762,4.5239e-05,0.057046,0.5877,0.35472
0.0006006,0.18078,0.76336,0.048649,0.0066066
0.00020768,0.00020768,0.00020768,0.33458,0.6648
0.12511,0.4627,0.38326,0.00028369,0.028652
0.1754,0.5055,0.020065,0.29838,0.00064725
0.0015504,0.94729,0.0015504,0.0015504,0.048062
0.0011173,0.99553,0.0011173,0.0011173,0.0011173
0.0043738,0.12366,0.0043738,0.00039761,0.8672
0.0011561,0.99538,0.0011561,0.0011561,0.0011561
0.24585,0.15712,0.52196,5.5112e-05,0.075007
0.00058997,0.22478,0.035988,0.00058997,0.73805
0.56325,0.0029188,0.22121,0.12419,0.088428
0.19407,0.71259,0.0014815,0.0014815,0.09037
0.25725,0.23156,0.13982,0.00036697,0.37101
0.49587,0.0024241,0.36151,0.00076429,0.13943
0.35005,0.59294,0.016423,0.00012895,0.040455
0.16435,0.77628,0.0015439,0.0015439,0.056281
0.11236,0.14293,0.58115,0.00025478,0.16331
0.00042105,0.40042,0.41726,0.18147,0.00042105
0.00040568,0.21136,0.00040568,0.57241,0.21542
0.0017076,0.0002319,0.021103,0.33648,0.64048
0.0040734,5.0289e-05,0.23138,0.76445,5.0289e-05
0.00055096,0.89862,0.00055096,0.099725,0.00055096
0.10919,0.88757,0.0010811,0.0010811,0.0010811
0.11544,0.042014,0.012554,0.073013,0.75697
0.15622,0.77645,0.00033167,0.00033167,0.066667
0.00057971,0.22667,0.7542,0.017971,0.00057971
0.00049875,0.998,0.00049875,0.00049875,0.00049875
0.3608,0.63834,0.00028612,0.00028612,0.00028612
0.0010086,0.0057745,0.16959,0.22378,0.59984
0.14015,0.0010005,0.16653,0.011005,0.68131
0.00061504,0.50271,0.1924,0.3031,0.0011742
0.33176,0.30809,0.087179,0.00039448,0.27258
0.67026,0.026845,0.010651,0.28284,0.0094052
0.00077821,0.91128,0.00077821,0.00077821,0.086381
0.0013245,0.45166,0.0013245,0.027815,0.51788
0.001105,0.99558,0.001105,0.001105,0.001105
0.058581,0.82415,0.041256,0.074824,0.0011911
0.20925,0.74104,0.0011561,0.0011561,0.047399
0.91078,0.031521,0.057327,0.00018433,0.00018433
0.0004662,0.098368,0.90023,0.0004662,0.0004662
0.00083682,0.52803,0.46946,0.00083682,0.00083682
0.56493,0.044525,0.1423,0.24816,8.0808e-05
0.2463,0.31519,0.0068888,0.088199,0.34342
0.014411,0.69279,0.00035149,0.19016,0.10228
0.2488,0.63224,0.00043573,0.11808,0.00043573
0.0011429,0.99543,0.0011429,0.0011429,0.0011429
0.020561,0.00016992,0.00016992,0.97893,0.00016992
0.19445,0.027886,0.00012618,0.036719,0.74082
0.0011696,0.99532,0.0011696,0.0011696,0.0011696
0.60658,0.29003,0.05776,0.00020555,0.045427
0.78443,0.21046,0.00011884,0.0024955,0.0024955
0.0016722,0.0060962,0.30503,0.050113,0.63708
0.00088889,0.30311,0.00088889,0.00088889,0.69422
0.0011976,0.94731,0.049102,0.0011976,0.0011976
0.00088889,0.51644,0.00088889,0.00088889,0.48089
0.001105,0.99558,0.001105,0.001105,0.001105
0.0016,0.9616,0.0016,0.0016,0.0336
0.00044346,0.99379,0.00044346,0.004878,0.00044346
0.068216,0.601,0.33046,0.00016598,0.00016598
0.0012903,0.99484,0.0012903,0.0012903,0.0012903
0.00085837,0.96223,0.00085837,0.035193,0.00085837
0.00094787,0.52227,0.00094787,0.47488,0.00094787
0.078827,0.78893,0.00065147,0.13094,0.00065147
0.00023015,0.89091,0.043959,0.064672,0.00023015
0.0008658,0.59827,0.0008658,0.0008658,0.39913
0.00050125,0.91779,0.00050125,0.080702,0.00050125
0.00070671,0.4318,0.00070671,0.56608,0.00070671
0.0033691,0.9559,0.03706,0.00030628,0.0033691
0.0023529,0.99059,0.0023529,0.0023529,0.0023529
0.00089686,0.99641,0.00089686,0.00089686,0.00089686
0.00043197,0.28985,0.0047516,0.42808,0.27689
0.00054201,0.99783,0.00054201,0.00054201,0.00054201
0.0021505,0.9914,0.0021505,0.0021505,0.0021505
0.00022051,0.8183,0.11709,0.061963,0.0024256
0.001626,0.9935,0.001626,0.001626,0.001626
0.02069,0.7399,0.00098522,0.22759,0.010837
0.0015748,0.78898,0.0015748,0.19055,0.017323
0.00063091,0.947,0.00063091,0.032177,0.019558
0.27901,0.65996,0.00035273,0.060317,0.00035273
0.00029542,0.98996,0.00029542,0.0091581,0.00029542
0.00095694,0.99617,0.00095694,0.00095694,0.00095694
0.00046838,0.93255,0.0051522,0.061358,0.00046838
0.005598,0.99288,0.00050891,0.00050891,0.00050891
0.00043384,0.97657,0.022126,0.00043384,0.00043384
0.00044743,0.79687,0.00044743,0.20179,0.00044743
0.000489,0.96381,0.000489,0.034719,0.000489
0.00039761,0.52127,0.00039761,0.47753,0.00039761
0.0011696,0.64444,0.0011696,0.0011696,0.35205
0.00024969,0.9166,0.00024969,0.00024969,0.082647
0.02069,0.80887,0.00098522,0.030542,0.13892
0.00085106,0.98809,0.00085106,0.0093617,0.00085106
0.013333,0.97206,0.0069841,0.00063492,0.0069841
0.0004008,0.9984,0.0004008,0.0004008,0.0004008
0.00083682,0.80418,0.00083682,0.059414,0.13473
