0.0017007,0.0017007,0.18878,0.80102,0.0017007,0.0017007,0.0017007,0.0017007
0.00028345,0.00028345,0.1987,0.7996,0.00028345,0.00028345,0.00028345,0.00028345
0.00046555,0.00046555,0.13547,0.86173,0.00046555,0.00046555,0.00046555,0.00046555
0.00033025,0.00033025,0.63441,0.36361,0.00033025,0.00033025,0.00033025,0.00033025
0.12703,0.00032489,0.00032489,0.6371,0.00032489,0.205,0.00032489,0.029565
0.00027488,0.0085212,0.13496,0.84689,0.00027488,0.0085212,0.00027488,0.00027488
0.0020492,0.022541,0.6168,0.35041,0.0020492,0.0020492,0.0020492,0.0020492
0.00080775,0.00080775,0.86511,0.089661,0.041195,0.00080775,0.00080775,0.00080775
0.0059203,0.00053821,0.20506,0.77018,0.00053821,0.0059203,0.011302,0.00053821
0.0008489,0.26401,0.085739,0.64601,0.0008489,0.0008489,0.0008489,0.0008489
0.00093633,0.00093633,0.52528,0.45974,0.00093633,0.0103,0.00093633,0.00093633
0.00035486,0.00035486,0.60717,0.23811,0.00035486,0.00035486,0.15295,0.00035486
0.042118,0.07548,0.0045872,0.58424,0.0045872,0.00041701,0.28816,0.00041701
0.00041528,0.00041528,0.99709,0.00041528,0.00041528,0.00041528,0.00041528,0.00041528
0.029328,0.00071531,0.4299,0.5372,0.00071531,0.00071531,0.00071531,0.00071531
0.00047214,0.00047214,0.00047214,0.52455,0.00047214,0.085458,0.00047214,0.38763
0.014003,0.0037568,0.33504,0.64583,0.00034153,0.00034153,0.00034153,0.00034153
0.00052687,0.00052687,0.047945,0.94889,0.00052687,0.00052687,0.00052687,0.00052687
0.00051335,0.00051335,0.31879,0.53953,0.01078,0.12885,0.00051335,0.00051335
0.00040193,0.00040193,0.64349,0.35008,0.00040193,0.00040193,0.0044212,0.00040193
0.00055928,0.00055928,0.00055928,0.96253,0.00055928,0.00055928,0.034116,0.00055928
0.0092593,0.0062724,0.49612,0.4782,0.00029869,0.00029869,0.00029869,0.0092593
0.046373,0.00045914,0.55142,0.39991,0.00045914,0.00045914,0.00045914,0.00045914
0.31029,0.089049,0.0060841,0.58684,0.0005531,0.0005531,0.0060841,0.0005531
0.00050813,0.00050813,0.025915,0.91514,0.00050813,0.00050813,0.056402,0.00050813
0.048456,0.043131,0.00053248,0.64483,0.00053248,0.26145,0.00053248,0.00053248
0.0074307,6.6943e-05,0.66348,0.27654,6.6943e-05,6.6943e-05,6.6943e-05,0.052283
0.22846,0.0004223,0.0004223,0.75633,0.0004223,0.013091,0.0004223,0.0004223
0.00047893,0.00047893,0.00047893,0.93918,0.00047893,0.05795,0.00047893,0.00047893
0.0008489,0.0008489,0.0008489,0.97708,0.017827,0.0008489,0.0008489,0.0008489
0.00048356,0.00048356,0.63395,0.36315,0.00048356,0.00048356,0.00048356,0.00048356
0.00060314,0.00060314,0.00060314,0.74246,0.00060314,0.15139,0.00060314,0.10314
0.00026261,0.00026261,0.15257,0.42568,0.00026261,0.12894,0.00026261,0.29175
0.013676,0.00033356,0.00033356,0.98432,0.00033356,0.00033356,0.00033356,0.00033356
0.18364,0.00057208,0.35526,0.43535,0.017735,0.0062929,0.00057208,0.00057208
0.00044484,0.0093416,0.38301,0.60543,0.00044484,0.00044484,0.00044484,0.00044484
0.1792,0.0033354,0.23075,0.54912,0.033657,0.00030321,0.0033354,0.00030321
0.013852,0.00044683,0.00044683,0.98347,0.00044683,0.00044683,0.00044683,0.00044683
0.0001856,0.048441,0.60895,0.34169,0.0001856,0.0001856,0.0001856,0.0001856
0.039291,0.0084746,0.53236,0.29353,0.00077042,0.12404,0.00077042,0.00077042
0.00080128,0.00080128,0.0088141,0.97837,0.00080128,0.00080128,0.0088141,0.00080128
0.00040355,0.052865,0.7954,0.14972,0.00040355,0.00040355,0.00040355,0.00040355
0.0016722,0.0016722,0.72074,0.26923,0.0016722,0.0016722,0.0016722,0.0016722
0.19325,0.048715,0.72323,0.00053533,0.00053533,0.032655,0.00053533,0.00053533
0.00030694,0.16912,0.3318,0.29497,0.00030694,0.20289,0.00030694,0.00030694
0.0037697,0.0071967,0.55209,0.43557,0.0003427,0.0003427,0.0003427,0.0003427
0.002008,0.002008,0.002008,0.98594,0.002008,0.002008,0.002008,0.002008
0.0005005,0.0005005,0.0005005,0.9965,0.0005005,0.0005005,0.0005005,0.0005005
0.00071531,0.00071531,0.75179,0.24392,0.00071531,0.00071531,0.00071531,0.00071531
0.052116,0.000516,0.12436,0.81579,0.000516,0.000516,0.000516,0.005676
0.021602,0.00052687,0.032139,0.94362,0.00052687,0.00052687,0.00052687,0.00052687
0.4146,0.00028185,0.020011,0.47661,0.087655,0.00028185,0.00028185,0.00028185
0.0036695,0.0036695,0.00011837,0.96603,0.02616,0.00011837,0.00011837,0.00011837
0.00061805,0.41471,0.019159,0.39617,0.00061805,0.12423,0.043881,0.00061805
0.024789,0.00017581,0.36762,0.23928,0.00017581,0.36762,0.00017581,0.00017581
0.00038052,0.019406,0.73858,0.24011,0.00038052,0.00038052,0.00038052,0.00038052
0.0044935,0.0004085,0.0004085,0.85008,0.0004085,0.14338,0.0004085,0.0004085
0.18435,0.00042772,0.00042772,0.56929,0.00042772,0.24423,0.00042772,0.00042772
0.38349,0.041409,0.0002572,0.47094,0.0002572,0.0079733,0.059414,0.036265
0.026316,0.000516,0.74871,0.22239,0.000516,0.000516,0.000516,0.000516
0.010498,0.00020585,0.4366,0.52923,0.00020585,0.022849,0.00020585,0.00020585
0.00040683,0.10212,0.0044752,0.86697,0.00040683,0.020749,0.0044752,0.00040683
0.031867,0.00044883,0.50314,0.46275,0.00044883,0.00044883,0.00044883,0.00044883
0.051871,0.086362,0.14075,0.52149,0.00013266,0.19912,0.00013266,0.00013266
0.00037202,0.00037202,0.484,0.49888,0.00037202,0.015253,0.00037202,0.00037202
0.17998,0.054309,0.00044883,0.74551,0.00044883,0.00044883,0.00044883,0.018402
0.00046125,0.014299,0.00046125,0.96448,0.00046125,0.018911,0.00046125,0.00046125
0.0018068,0.024803,0.0067346,0.94136,0.00016426,0.00016426,0.00016426,0.024803
0.00061805,0.0067985,0.35909,0.44561,0.00061805,0.18603,0.00061805,0.00061805
0.00061425,0.00061425,0.67015,0.32617,0.00061425,0.00061425,0.00061425,0.00061425
0.00011699,0.0012869,0.11125,0.88336,0.0012869,0.00011699,0.0024567,0.00011699
0.14762,0.00056561,0.24943,0.60011,0.00056561,0.00056561,0.00056561,0.00056561
0.0001648,0.0001648,0.014997,0.98401,0.0001648,0.0001648,0.0001648,0.0001648
0.00037481,0.041604,0.34895,0.5401,0.00037481,0.067841,0.00037481,0.00037481
0.00087108,0.00087108,0.079268,0.90679,0.00087108,0.00087108,0.0095819,0.00087108
0.0004529,0.13632,0.14991,0.40353,0.0004529,0.091033,0.0004529,0.21784
0.0012225,0.0012225,0.39242,0.53912,0.0012225,0.0012225,0.050122,0.013447
0.0021368,0.0021368,0.25855,0.72863,0.0021368,0.0021368,0.0021368,0.0021368
0.0014749,0.0014749,0.4882,0.4587,0.0014749,0.045723,0.0014749,0.0014749
0.069411,0.0063101,0.024339,0.83263,0.00030048,0.066406,0.00030048,0.00030048
0.0011655,0.0011655,0.99184,0.0011655,0.0011655,0.0011655,0.0011655,0.0011655
0.00022841,0.00022841,0.99383,0.0047967,0.00022841,0.00022841,0.00022841,0.00022841
0.0017007,0.0017007,0.71599,0.2568,0.0017007,0.018707,0.0017007,0.0017007
0.00098232,0.00098232,0.55108,0.42338,0.00098232,0.00098232,0.020629,0.00098232
0.0017921,0.0017921,0.52151,0.46774,0.0017921,0.0017921,0.0017921,0.0017921
0.000516,0.000516,0.077915,0.91899,0.000516,0.000516,0.000516,0.000516
0.00089445,0.00089445,0.00089445,0.99374,0.00089445,0.00089445,0.00089445,0.00089445
0.00024826,0.0027309,0.00024826,0.99578,0.00024826,0.00024826,0.00024826,0.00024826
0.11661,0.00022381,0.00022381,0.88205,0.00022381,0.00022381,0.00022381,0.00022381
0.00086356,0.22539,0.052677,0.70035,0.00086356,0.018135,0.00086356,0.00086356
0.043881,0.00061805,0.61867,0.33436,0.00061805,0.00061805,0.00061805,0.00061805
0.0043587,0.018888,0.00020756,0.97572,0.00020756,0.00020756,0.00020756,0.00020756
0.00061805,0.45797,0.00061805,0.5136,0.00061805,0.02534,0.00061805,0.00061805
0.00051867,0.00051867,0.87189,0.125,0.00051867,0.00051867,0.00051867,0.00051867
0.00062972,0.019521,0.57368,0.35957,0.00062972,0.00062972,0.00062972,0.04471
0.00082781,0.00082781,0.6548,0.34023,0.00082781,0.00082781,0.00082781,0.00082781
0.012152,0.0019089,0.01448,0.042881,0.007496,0.83066,0.066161,0.024257
0.14035,4.6002e-05,0.00050603,0.82211,0.00096605,0.035928,4.6002e-05,4.6002e-05
0.0017921,0.019713,0.19892,0.7724,0.0017921,0.0017921,0.0017921,0.0017921
0.00019771,0.0021748,0.00019771,0.99071,0.00019771,0.00019771,0.00019771,0.0061289
0.00086356,0.00086356,0.00086356,0.99396,0.00086356,0.00086356,0.00086356,0.00086356
0.00041017,0.00041017,0.80435,0.19319,0.00041017,0.00041017,0.00041017,0.00041017
0.00037481,0.00037481,0.99738,0.00037481,0.00037481,0.00037481,0.00037481,0.00037481
0.00029343,0.00029343,0.68398,0.31426,0.00029343,0.00029343,0.00029343,0.00029343
0.0082831,0.00075301,0.00075301,0.9872,0.00075301,0.00075301,0.00075301,0.00075301
0.01023,0.01023,0.0002495,0.97829,0.0002495,0.0002495,0.0002495,0.0002495
0.00037341,0.16841,0.38125,0.44847,0.00037341,0.00037341,0.00037341,0.00037341
0.00035868,0.11872,0.38415,0.48458,0.00035868,0.0075323,0.0039455,0.00035868
0.0001456,0.0001456,0.0001456,0.9786,0.019074,0.0016016,0.0001456,0.0001456
0.00089445,0.00089445,0.51968,0.44812,0.00089445,0.027728,0.00089445,0.00089445
0.0087128,0.00028106,0.04525,0.94182,0.00028106,0.00028106,0.0030916,0.00028106
0.28661,0.074943,0.00057208,0.60126,0.00057208,0.00057208,0.034897,0.00057208
0.00069541,0.00069541,0.64743,0.32058,0.0076495,0.00069541,0.00069541,0.021558
0.00051867,0.00051867,0.35322,0.64367,0.00051867,0.00051867,0.00051867,0.00051867
0.00054705,0.016958,0.00054705,0.86488,0.00054705,0.00054705,0.00054705,0.11543
0.00094518,0.00094518,0.00094518,0.97448,0.00094518,0.00094518,0.019849,0.00094518
0.014294,0.10118,0.0058857,0.87752,0.00028027,0.00028027,0.00028027,0.00028027
0.076194,0.00037908,0.38704,0.53487,0.00037908,0.00037908,0.00037908,0.00037908
0.42196,0.00031466,0.2489,0.32756,0.00031466,0.00031466,0.00031466,0.00031466
0.03491,0.0011261,0.39527,0.56419,0.0011261,0.0011261,0.0011261,0.0011261
0.00032808,0.033136,0.61056,0.35466,0.00032808,0.00032808,0.00032808,0.00032808
0.005345,0.00048591,0.00048591,0.99174,0.00048591,0.00048591,0.00048591,0.00048591
0.058712,0.0018939,0.49432,0.24811,0.0018939,0.0018939,0.0018939,0.19129
0.00034746,0.00034746,0.00034746,0.99409,0.00034746,0.00034746,0.00034746,0.0038221
0.00051073,0.18948,0.00051073,0.55209,0.00051073,0.010725,0.046476,0.19969
0.029818,0.0027107,0.079103,0.88492,0.0027107,0.00024643,0.00024643,0.00024643
0.10017,0.083609,0.44785,0.35679,0.00082781,0.00082781,0.00082781,0.009106
0.0002495,0.0002495,0.0002495,0.96582,0.0002495,0.027695,0.0002495,0.0052395
0.00015828,0.00015828,0.0017411,0.99731,0.00015828,0.00015828,0.00015828,0.00015828
0.00049801,0.00049801,0.24452,0.74751,0.00049801,0.00049801,0.00049801,0.0054781
0.0096661,0.00087873,0.37873,0.60721,0.00087873,0.00087873,0.00087873,0.00087873
0.00083472,0.00083472,0.00083472,0.99416,0.00083472,0.00083472,0.00083472,0.00083472
0.14533,0.24081,0.13472,0.40347,0.00035361,0.067539,0.0074257,0.00035361
0.014168,0.00045704,0.7043,0.082724,0.00045704,0.19241,0.0050274,0.00045704
0.47646,0.00018389,0.40107,0.088452,0.00018389,0.033284,0.00018389,0.00018389
0.00045704,0.00045704,0.046161,0.63117,0.00045704,0.31581,0.0050274,0.00045704
0.00025853,0.0028438,0.00025853,0.9956,0.00025853,0.00025853,0.00025853,0.00025853
0.27649,0.03701,0.0079826,0.60305,0.0079826,0.066038,0.00072569,0.00072569
0.22449,0.00021988,0.0068162,0.72361,0.00021988,0.044195,0.00021988,0.00021988
0.00056883,0.080205,0.00056883,0.3248,0.00056883,0.051763,0.00056883,0.54096
0.00033025,0.036658,0.23811,0.72358,0.00033025,0.00033025,0.00033025,0.00033025
0.0014535,0.0014535,0.93169,0.0014535,0.0014535,0.059593,0.0014535,0.0014535
0.00082781,0.00082781,0.075331,0.9197,0.00082781,0.00082781,0.00082781,0.00082781
0.0013928,0.0013928,0.47493,0.25209,0.084958,0.057103,0.0013928,0.12674
0.00087108,0.70645,0.018293,0.27091,0.00087108,0.00087108,0.00087108,0.00087108
0.00027412,0.0030154,0.13185,0.05784,0.58141,0.00027412,0.024945,0.20038
0.0018939,0.0018939,0.17235,0.79735,0.020833,0.0018939,0.0018939,0.0018939
0.1147,0.00063371,0.25412,0.50127,0.12738,0.00063371,0.00063371,0.00063371
0.0009542,0.0009542,0.0009542,0.99332,0.0009542,0.0009542,0.0009542,0.0009542
0.10148,0.18884,0.047715,0.53159,0.00067204,0.12836,0.00067204,0.00067204
0.00037908,0.26194,0.13306,0.20887,0.00037908,0.038287,0.00037908,0.35671
0.25589,0.00065445,0.00065445,0.69437,0.00065445,0.00065445,0.007199,0.039921
0.00048591,0.063654,0.57386,0.36006,0.00048591,0.00048591,0.00048591,0.00048591
0.0053191,0.31963,0.10687,0.36315,0.00048356,0.10203,0.00048356,0.10203
0.00037622,0.064334,0.28254,0.65124,0.00037622,0.00037622,0.00037622,0.00037622
0.00062972,0.00062972,0.38476,0.61146,0.00062972,0.00062972,0.00062972,0.00062972
0.00055617,0.00055617,0.8515,0.14516,0.00055617,0.00055617,0.00055617,0.00055617
0.00034507,0.00034507,0.15562,0.84231,0.00034507,0.00034507,0.00034507,0.00034507
0.00053248,0.00053248,0.00053248,0.99627,0.00053248,0.00053248,0.00053248,0.00053248
0.00080128,0.00080128,0.00080128,0.99439,0.00080128,0.00080128,0.00080128,0.00080128
0.23306,0.00050556,0.010617,0.75379,0.00050556,0.00050556,0.00050556,0.00050556
0.00036127,0.043714,0.10874,0.78793,0.00036127,0.02565,0.00036127,0.032876
0.02094,0.00051073,0.63892,0.33759,0.00051073,0.00051073,0.00051073,0.00051073
0.037335,0.00020627,0.30549,0.40243,0.00020627,0.12603,0.00020627,0.12809
0.0027862,0.61322,0.00025329,0.25101,0.00025329,0.13197,0.00025329,0.00025329
0.017554,2.0873e-05,2.0873e-05,0.074956,0.0052392,0.77818,0.079966,0.044064
0.0070603,0.0070603,0.53338,0.28947,0.1611,0.00064185,0.00064185,0.00064185
0.083465,0.008307,0.42761,0.020174,0.21005,0.22191,0.028085,0.00039557
0.00034037,0.013955,0.65725,0.32709,0.00034037,0.00034037,0.00034037,0.00034037
0.0011792,0.0011792,0.0011792,0.97995,0.0011792,0.012972,0.0011792,0.0011792
0.09689,7.6231e-05,0.090029,0.092316,0.043528,0.57867,0.098414,7.6231e-05
0.00074738,0.00074738,0.4716,0.52392,0.00074738,0.00074738,0.00074738,0.00074738
0.021207,0.0032855,0.51703,0.45729,0.00029869,0.00029869,0.00029869,0.00029869
0.0019305,0.0019305,0.0019305,0.98649,0.0019305,0.0019305,0.0019305,0.0019305
0.0021368,0.0021368,0.47222,0.42949,0.0021368,0.087607,0.0021368,0.0021368
0.0018587,0.0018587,0.68959,0.15056,0.0018587,0.15056,0.0018587,0.0018587
0.059846,0.0019305,0.23359,0.54247,0.0019305,0.0019305,0.15637,0.0019305
0.0020492,0.063525,0.022541,0.71926,0.0020492,0.18648,0.0020492,0.0020492
0.00058548,0.00058548,0.11183,0.88466,0.00058548,0.00058548,0.00058548,0.00058548
0.22181,0.0081386,0.078741,0.032823,0.051121,0.55211,0.038883,0.016376
0.00030883,0.00030883,0.54694,0.44503,0.00030883,0.00030883,0.00030883,0.0064855
0.0014327,0.015759,0.087393,0.87536,0.0014327,0.0014327,0.015759,0.0014327
0.071632,0.10958,0.10009,0.62666,0.00047438,0.090607,0.00047438,0.00047438
0.0018587,0.0018587,0.89405,0.094796,0.0018587,0.0018587,0.0018587,0.0018587
0.00061425,0.00061425,0.46744,0.32617,0.00061425,0.10504,0.00061425,0.098894
0.00057537,0.098389,0.67376,0.086881,0.00057537,0.13867,0.00057537,0.00057537
0.044546,0.008895,0.0042719,0.559,0.19542,0.14479,0.028988,0.014096
0.10037,0.0027032,0.0070631,0.12217,0.042815,0.62879,0.096006,8.7199e-05
0.074241,0.00041017,0.00041017,0.41879,0.00041017,0.47211,0.033224,0.00041017
0.00069541,0.00069541,0.73783,0.00069541,0.00069541,0.24409,0.014604,0.00069541
0.00081433,0.00081433,0.00081433,0.29397,0.00081433,0.47313,0.22883,0.00081433
0.0016447,0.0016447,0.98849,0.0016447,0.0016447,0.0016447,0.0016447,0.0016447
0.0017921,0.0017921,0.0017921,0.52151,0.0017921,0.25269,0.21685,0.0017921
0.0017921,0.0017921,0.79032,0.019713,0.0017921,0.181,0.0017921,0.0017921
0.0096661,0.00087873,0.09754,0.8884,0.00087873,0.00087873,0.00087873,0.00087873
0.00067204,0.027554,0.43078,0.00067204,0.088038,0.34341,0.1082,0.00067204
0.00035361,0.00035361,0.081683,0.61917,0.25849,0.00035361,0.00035361,0.03925
0.00059952,0.00059952,0.072542,0.92386,0.00059952,0.00059952,0.00059952,0.00059952
0.0082491,0.0002661,0.30894,0.67882,0.0002661,0.0002661,0.0002661,0.0029271
0.0006812,0.014305,0.47071,0.32766,0.0006812,0.17098,0.014305,0.0006812
0.0018587,0.0018587,0.0018587,0.9684,0.0018587,0.0018587,0.0018587,0.020446
0.0007747,0.009308,0.00096805,1.289e-06,0.010262,0.040915,0.043879,0.89389
0.014887,0.01042,0.00021528,0.16053,0.37434,0.42883,0.00054472,0.010229
0.011496,0.0071304,0.099777,1.6169e-05,0.80263,1.6169e-05,0.044157,0.034779
1.5442e-05,0.023333,0.00016986,1.5442e-05,0.14888,1.5442e-05,0.56736,0.26021
0.39672,0.032426,0.22458,0.00040032,0.00040032,0.00040032,0.22058,0.1245
0.63678,0.000306,0.31854,0.043146,0.000306,0.000306,0.000306,0.000306
0.68708,0.0033238,0.0064894,0.050807,0.00015828,0.24074,0.00015828,0.011238
0.0011521,0.0011521,0.73848,0.22005,0.0011521,0.035714,0.0011521,0.0011521
0.019529,0.0061121,0.0031306,0.20886,0.6367,0.00014908,0.082141,0.043381
4.9174e-06,4.9174e-06,4.9174e-06,0.064374,4.9174e-06,4.9174e-06,0.93506,0.00054584
0.0010661,0.0010661,0.99254,0.0010661,0.0010661,0.0010661,0.0010661,0.0010661
0.0012376,0.16213,0.0012376,0.37252,0.0012376,0.0012376,0.45916,0.0012376
0.20494,0.11773,0.55378,0.11773,0.0014535,0.0014535,0.0014535,0.0014535
0.000306,0.10129,0.18084,0.18696,0.15024,0.3063,0.000306,0.073745
0.076543,0.15368,0.0086366,0.12665,0.49651,0.13324,0.00072521,0.0040216
0.74587,0.00016534,0.24818,0.00016534,0.00016534,0.00016534,0.0051257,0.00016534
0.02506,0.0011933,0.77685,0.0011933,0.013126,0.02506,0.15632,0.0011933
0.041355,0.29417,0.043587,0.34105,0.17641,0.10275,0.00061391,5.581e-05
0.13492,0.0026455,0.7963,0.055556,0.0026455,0.0026455,0.0026455,0.0026455
6.5496e-05,6.5496e-05,0.027574,0.053118,0.91898,6.5496e-05,6.5496e-05,6.5496e-05
0.49599,0.0013369,0.49599,0.0013369,0.0013369,0.0013369,0.0013369,0.0013369
0.12214,0.49726,0.036749,0.00015249,0.00015249,0.328,0.015401,0.00015249
0.0005005,0.54104,0.0005005,0.17067,0.0005005,0.070571,0.0005005,0.21572
0.26638,0.30346,0.00061805,0.33436,0.00061805,0.00061805,0.093325,0.00061805
0.67733,0.048083,0.17177,0.00015461,0.086735,0.015615,0.00015461,0.00015461
0.032047,0.032047,0.00017705,0.69069,0.00017705,0.2392,0.00017705,0.0054887
0.14401,0.00089445,0.85063,0.00089445,0.00089445,0.00089445,0.00089445,0.00089445
0.00035486,0.00035486,0.40135,0.00035486,0.06423,0.11746,0.41199,0.0039035
0.029851,0.0071626,0.0040484,4.4488e-05,0.026292,0.079233,0.084127,0.76924
0.0033648,0.6868,5.0146e-06,5.0146e-06,0.0013088,0.27225,0.015651,0.020615
0.32603,0.00062578,0.62641,0.019399,0.00062578,0.013141,0.013141,0.00062578
0.0093864,0.29556,0.10554,0.00022894,0.013965,0.43063,0.14446,0.00022894
0.50478,0.0023923,0.0023923,0.48086,0.0023923,0.0023923,0.0023923,0.0023923
1.1837e-05,0.10536,1.1837e-05,0.32234,0.00013021,0.48973,0.0036814,0.078731
0.027822,0.14021,0.13305,0.065704,0.071597,0.49335,0.050972,0.017299
0.00034037,0.00034037,0.082029,0.13989,0.76276,0.00034037,0.00034037,0.013955
2.7702e-05,0.018311,0.065128,0.024406,0.11582,0.003075,0.7732,2.7702e-05
2.2169e-05,0.12195,2.2169e-05,0.0073379,0.013989,2.2169e-05,0.82959,0.027068
0.0011261,0.0011261,0.99212,0.0011261,0.0011261,0.0011261,0.0011261,0.0011261
0.33908,0.008496,0.042985,0.0068136,0.054761,0.36516,0.11112,0.071585
0.40521,0.00016399,0.013283,0.29862,0.17891,0.10348,0.00016399,0.00016399
0.0018882,0.79823,6.8247e-05,0.0012057,0.037149,0.1547,3.5748e-05,0.0067304
0.070062,0.22518,0.11143,0.0028438,0.098501,0.35445,0.023526,0.11401
0.0011933,0.0011933,0.99165,0.0011933,0.0011933,0.0011933,0.0011933,0.0011933
0.0025456,0.061404,0.014755,0.0017393,0.72486,0.026158,0.16852,1.1518e-05
0.035117,0.0016722,0.95485,0.0016722,0.0016722,0.0016722,0.0016722,0.0016722
0.0035783,0.64914,0.00085796,0.002532,0.0083912,0.3024,2.0926e-05,0.033084
0.0011655,0.0011655,0.99184,0.0011655,0.0011655,0.0011655,0.0011655,0.0011655
0.81931,0.04508,0.081294,0.051324,0.00012488,0.0026224,0.00012488,0.00012488
0.00013609,0.21652,0.46421,0.012384,0.13623,0.055934,0.061377,0.053212
0.00014188,0.0015607,0.10656,0.059733,0.51234,0.28817,0.00014188,0.031356
1.6472e-05,0.015995,0.02456,0.0070996,0.67867,0.00034592,0.0021579,0.27115
0.84212,0.00028345,0.15618,0.00028345,0.00028345,0.00028345,0.00028345,0.00028345
0.046005,0.00016372,0.50115,0.00016372,0.40291,0.00016372,0.04928,0.00016372
0.31497,0.010821,0.50799,0.01862,0.093683,9.7485e-05,0.015695,0.038117
0.20586,0.0037062,0.32042,0.050876,0.050876,0.33389,0.00033693,0.03403
0.0013193,0.0013193,0.96438,0.0013193,0.0013193,0.0013193,0.027704,0.0013193
0.00011823,0.36664,0.36191,0.00011823,0.047411,0.028494,0.1952,0.00011823
6.1622e-05,0.27428,0.041965,6.1622e-05,0.27428,0.026559,6.1622e-05,0.38273
0.11503,0.001139,0.83257,0.023918,0.001139,0.012528,0.001139,0.012528
2.9388e-05,0.084666,0.080551,2.9388e-05,0.79232,2.9388e-05,0.029711,0.012666
0.0011792,0.0011792,0.99175,0.0011792,0.0011792,0.0011792,0.0011792,0.0011792
0.00051867,0.00051867,0.91857,0.073133,0.0057054,0.00051867,0.00051867,0.00051867
0.32243,0.00050302,0.65443,0.00050302,0.0055332,0.00050302,0.0055332,0.010563
0.36892,0.00073638,0.62666,0.00073638,0.00073638,0.00073638,0.00073638,0.00073638
0.32426,0.033955,0.0002592,0.12208,0.32685,0.19207,0.0002592,0.0002592
6.2225e-05,0.055216,0.001929,5.6568e-06,0.38637,0.010527,0.53757,0.0083212
0.00093633,0.057116,0.30056,0.00093633,0.63764,0.00093633,0.00093633,0.00093633
0.0018939,0.0018939,0.38068,0.0018939,0.0018939,0.0018939,0.60795,0.0018939
8.0593e-05,8.0593e-05,0.64321,0.23541,0.12016,8.0593e-05,0.00088652,8.0593e-05
0.064108,0.0045032,0.22528,0.055781,0.040332,0.57776,0.030361,0.0018736
0.0050631,0.0069384,0.097575,0.024441,0.44137,0.10445,0.052569,0.2676
0.0012077,0.0012077,0.99155,0.0012077,0.0012077,0.0012077,0.0012077,0.0012077
0.38032,0.00057537,0.59896,0.017837,0.00057537,0.00057537,0.00057537,0.00057537
8.1446e-05,0.0041538,8.1446e-05,0.7779,0.16868,0.0065972,0.0033393,0.039176
0.029425,0.080056,7.3378e-05,0.77862,0.0015409,0.10647,7.3378e-05,0.0037423
0.11209,0.021992,0.40212,0.015488,0.089253,0.27832,0.045514,0.035218
0.012387,0.0011261,0.98086,0.0011261,0.0011261,0.0011261,0.0011261,0.0011261
0.59739,0.00068587,0.39163,0.0075446,0.00068587,0.00068587,0.00068587,0.00068587
0.0015432,0.0015432,0.63426,0.125,0.15586,0.078704,0.0015432,0.0015432
0.0010893,0.0010893,0.99237,0.0010893,0.0010893,0.0010893,0.0010893,0.0010893
0.0011261,0.0011261,0.99212,0.0011261,0.0011261,0.0011261,0.0011261,0.0011261
0.28337,0.0062217,0.69061,0.017534,0.00056561,0.00056561,0.00056561,0.00056561
0.0011521,0.0011521,0.99194,0.0011521,0.0011521,0.0011521,0.0011521,0.0011521
0.00011138,0.052462,0.61718,0.0034529,0.26298,0.0636,0.00011138,0.00011138
0.80093,0.0003574,0.19693,0.0003574,0.0003574,0.0003574,0.0003574,0.0003574
0.6408,0.00042409,0.27608,0.00042409,0.081001,0.00042409,0.00042409,0.00042409
0.80812,0.0015786,0.050373,0.00014351,0.10634,0.00014351,0.031716,0.0015786
0.30786,0.0021834,0.0021834,0.67904,0.0021834,0.0021834,0.0021834,0.0021834
9.982e-05,0.012078,0.34448,9.982e-05,0.0020962,9.982e-05,0.63596,0.0050908
0.0012853,0.0012853,0.991,0.0012853,0.0012853,0.0012853,0.0012853,0.0012853
0.00043516,0.061358,0.55309,0.0047868,0.00043516,0.00043516,0.37903,0.00043516
0.15004,5.19e-05,0.34363,5.19e-05,5.19e-05,0.31249,5.19e-05,0.19364
0.00020886,0.0064745,0.00020886,0.14223,0.82519,0.0085631,0.016917,0.00020886
0.40134,0.0081602,0.5868,0.00074184,0.00074184,0.00074184,0.00074184,0.00074184
0.0010549,0.0010549,0.99262,0.0010549,0.0010549,0.0010549,0.0010549,0.0010549
0.012115,0.0011013,0.97026,0.012115,0.0011013,0.0011013,0.0011013,0.0011013
0.017478,0.0003427,0.12714,0.020905,0.82282,0.0003427,0.0003427,0.010624
5.0231e-05,0.19897,0.030691,5.0231e-05,0.26226,0.026673,0.043751,0.43756
0.0022881,0.33243,0.055677,0.028438,0.16463,0.38581,0.029527,0.0011985
0.00079491,7.2265e-05,0.23421,0.0080214,0.030423,7.2265e-05,0.72561,0.00079491
0.067889,0.022844,0.39286,0.13224,0.35746,0.026062,0.00032175,0.00032175
0.00052411,0.00052411,0.19969,0.34119,0.00052411,0.4565,0.00052411,0.00052411
0.0055476,0.00017895,0.60505,0.34914,0.00017895,0.039549,0.00017895,0.00017895
0.0011261,0.0011261,0.99212,0.0011261,0.0011261,0.0011261,0.0011261,0.0011261
0.050357,0.0018131,0.023453,0.90367,5.8486e-05,0.020529,5.8486e-05,5.8486e-05
0.073003,0.082653,0.0056496,0.030379,0.32814,0.37639,0.037416,0.066368
0.84559,0.055703,0.00013231,0.022625,0.00013231,0.063641,0.00013231,0.01204
0.001139,0.001139,0.99203,0.001139,0.001139,0.001139,0.001139,0.001139
0.0011933,0.0011933,0.99165,0.0011933,0.0011933,0.0011933,0.0011933,0.0011933
0.00025394,0.010411,0.8611,0.1196,0.00025394,0.00025394,0.007872,0.00025394
0.83774,0.062117,1.7896e-05,0.0057447,0.0016285,0.032589,0.008608,0.051559
0.01553,0.00025458,0.43304,0.0028004,0.028259,0.4916,0.00025458,0.028259
0.057721,0.0001856,0.65906,0.13382,0.12454,0.022457,0.0001856,0.0020416
0.0017892,0.5418,0.0034157,0.12866,0.00016265,0.31734,0.0066688,0.00016265
0.0011856,0.63387,0.013042,0.077711,0.00010778,0.27172,0.0022634,0.00010778
0.01501,0.034205,0.01782,0.53939,0.050111,0.31538,0.023469,0.0046118
4.3407e-05,0.076005,0.12028,0.061681,0.73448,4.3407e-05,0.0052522,0.0022137
0.92551,0.00015295,0.059804,0.013919,0.00015295,0.00015295,0.00015295,0.00015295
0.00088652,0.00088652,0.45301,0.0097518,0.045213,0.00088652,0.48848,0.00088652
0.00024582,0.13299,0.00024582,0.40093,0.41814,0.00024582,0.00024582,0.046952
3.6182e-05,0.035133,0.006549,3.6182e-05,3.6182e-05,0.031153,0.90929,0.017765
0.00038052,0.00038052,0.43417,0.5293,0.00038052,0.00038052,0.034627,0.00038052
0.00018389,0.54082,0.00018389,0.12339,0.00018389,0.059029,0.00018389,0.27602
0.011022,0.001002,0.52204,0.21142,0.2515,0.001002,0.001002,0.001002
0.0011261,0.0011261,0.99212,0.0011261,0.0011261,0.0011261,0.0011261,0.0011261
0.24863,0.0013736,0.7294,0.0013736,0.0013736,0.0013736,0.01511,0.0013736
0.3596,0.0014327,0.63181,0.0014327,0.0014327,0.0014327,0.0014327,0.0014327
0.15951,0.52012,0.086606,9.7201e-05,0.013705,0.21394,9.7201e-05,0.0059292
0.31699,0.0010893,0.022876,0.43682,0.0010893,0.0010893,0.21895,0.0010893
0.33431,0.00058548,0.57436,0.00058548,0.00058548,0.088407,0.00058548,0.00058548
0.0010549,0.0010549,0.95042,0.0010549,0.043249,0.0010549,0.0010549,0.0010549
0.043843,0.083245,0.00032345,0.18881,2.9405e-05,0.48844,2.9405e-05,0.19528
0.50316,0.02328,0.034917,0.020499,0.10144,0.21078,0.075828,0.030087
0.26522,0.00080128,0.72997,0.00080128,0.00080128,0.00080128,0.00080128,0.00080128
0.0023364,0.0023364,0.60981,0.0023364,0.0023364,0.18925,0.18925,0.0023364
0.0061819,0.033099,0.035836,0.047698,0.14738,0.45853,0.0059537,0.26532
0.36216,0.0002661,0.45796,0.17323,0.0055881,0.0002661,0.0002661,0.0002661
0.069476,0.001139,0.92369,0.001139,0.001139,0.001139,0.001139,0.001139
0.00011226,0.10451,0.066345,0.023687,0.74326,0.00011226,0.043893,0.018074
0.045723,0.0014749,0.13422,0.70944,0.016224,0.016224,0.0014749,0.075221
0.00021061,0.00021061,0.15396,0.00021061,0.6826,0.084457,0.061289,0.01706
0.033049,0.0010661,0.011727,0.38486,0.129,0.0010661,0.43817,0.0010661
0.16028,0.0023168,0.28033,0.35404,0.0044229,0.17502,0.00021061,0.023378
0.15857,0.055556,0.30942,0.25423,0.00036792,0.22112,0.00036792,0.00036792
0.00017172,0.77307,1.5611e-05,0.00017172,1.5611e-05,0.21076,0.00032783,0.01547
2.5479e-05,0.92338,2.5479e-05,2.5479e-05,2.5479e-05,0.076462,2.5479e-05,2.5479e-05
0.00056243,0.045557,0.00056243,0.34364,0.00056243,0.00056243,0.00056243,0.60799
0.00040032,0.00040032,0.29664,0.15653,0.47278,0.032426,0.02442,0.016413
0.0011655,0.0011655,0.99184,0.0011655,0.0011655,0.0011655,0.0011655,0.0011655
0.52268,0.00022232,0.031347,0.44486,0.00022232,0.00022232,0.00022232,0.00022232
2.4505e-05,0.11863,0.36735,0.0027201,0.14926,0.090448,0.14289,0.12868
0.17504,0.00042589,0.22615,0.00042589,0.00042589,0.43058,0.16652,0.00042589
0.78847,0.01429,0.11636,0.031564,0.00015704,0.00015704,0.031564,0.017431
0.0011655,0.0011655,0.98019,0.012821,0.0011655,0.0011655,0.0011655,0.0011655
0.0013928,0.0013928,0.80919,0.14067,0.0013928,0.0013928,0.0013928,0.043175
0.0011655,0.0011655,0.99184,0.0011655,0.0011655,0.0011655,0.0011655,0.0011655
0.01765,0.014138,8.7812e-05,0.89928,0.00096593,0.054531,0.0071128,0.0062346
0.0003639,0.27329,0.18231,0.0076419,0.0003639,0.14592,0.38246,0.0076419
0.00025329,0.012918,0.46125,0.00025329,0.10157,0.00025329,0.055978,0.36753
0.00026261,0.065914,0.00026261,0.38629,0.34953,0.079044,0.1053,0.013393
0.0026735,0.2189,0.0085493,0.1763,0.46422,0.074652,0.020007,0.034697
0.0011933,0.0011933,0.99165,0.0011933,0.0011933,0.0011933,0.0011933,0.0011933
0.028044,0.00025265,0.13669,0.068469,0.76579,0.00025265,0.00025265,0.00025265
0.36207,0.028365,0.35651,0.00055617,0.01168,0.23971,0.00055617,0.00055617
0.01298,0.00015502,0.053567,0.065405,0.10219,0.75159,0.0063559,0.0077652
3.306e-05,0.012265,0.00036366,0.033754,0.79546,3.306e-05,0.14285,0.015241
0.01837,0.0074573,0.00018188,0.1948,0.00018188,0.00018188,0.045653,0.73318
0.10252,0.050075,0.24613,0.0013736,0.16246,0.34853,0.088786,0.00012488
0.00026752,0.072499,0.40155,0.00026752,0.11798,0.10728,0.024345,0.27582
0.011983,0.0010893,0.98148,0.0010893,0.0010893,0.0010893,0.0010893,0.0010893
0.35269,0.020639,0.1588,0.015075,0.3693,0.048717,0.022351,0.012421
0.044442,0.00010311,0.12384,0.34554,0.1888,0.29707,0.00010311,0.00010311
0.0011933,0.0011933,0.99165,0.0011933,0.0011933,0.0011933,0.0011933,0.0011933
0.61427,0.00023708,0.38431,0.00023708,0.00023708,0.00023708,0.00023708,0.00023708
0.0011792,0.0011792,0.81486,0.0011792,0.1309,0.0011792,0.048349,0.0011792
0.0010438,0.0010438,0.4499,0.262,0.0010438,0.28288,0.0010438,0.0010438
0.14083,0.00011726,0.070474,0.00011726,0.30148,0.38708,0.099789,0.00011726
0.0013369,0.0013369,0.99064,0.0013369,0.0013369,0.0013369,0.0013369,0.0013369
0.1944,8.6745e-05,0.2742,0.19613,0.15016,0.18138,8.6745e-05,0.0035566
0.38069,0.0032519,0.0037851,5.3311e-05,0.10614,0.13546,0.23515,0.13546
0.012673,0.0011521,0.98041,0.0011521,0.0011521,0.0011521,0.0011521,0.0011521
0.22976,0.18721,0.027836,0.0065572,0.035218,0.38436,0.12902,4.3425e-05
0.53669,0.0001195,0.02163,0.33114,0.0001195,0.043141,0.067041,0.0001195
0.35526,0.0010121,0.59818,0.0010121,0.0010121,0.041498,0.0010121,0.0010121
0.13891,2.5531e-05,0.02862,0.033727,0.04879,0.744,0.0051317,0.00079146
0.91285,4.8109e-05,0.070375,0.00017931,4.3735e-06,4.3735e-06,0.016143,0.00039799
0.048139,4.4948e-05,0.44098,0.0040903,0.062073,0.44458,4.4948e-05,4.4948e-05
0.022076,0.0063821,0.48242,0.049278,0.25539,0.10787,0.07648,0.00010462
0.4048,0.00026969,0.30232,0.29153,0.00026969,0.00026969,0.00026969,0.00026969
0.00081433,0.00081433,0.57899,0.00081433,0.0089577,0.40798,0.00081433,0.00081433
2.7007e-05,0.0029977,2.7007e-05,2.7007e-05,2.7007e-05,2.7007e-05,0.73272,0.26415
0.49141,0.0076604,0.011046,0.001312,0.0017352,0.45967,0.011469,0.015702
0.83783,0.00035486,0.15649,0.00035486,0.00035486,0.00035486,0.00035486,0.0039035
4.6024e-05,0.093474,4.6024e-05,0.3802,0.1754,0.24167,0.084729,0.024439
8.7034e-06,0.36094,0.0070584,0.0083639,0.55694,0.01698,0.022115,0.027598
0.00088652,0.00088652,0.34663,0.00088652,0.00088652,0.00088652,0.00088652,0.64805
0.76264,0.00036127,0.23158,0.003974,0.00036127,0.00036127,0.00036127,0.00036127
0.0032954,0.20102,0.00029958,0.36878,0.16507,0.078191,0.17406,0.009287
0.041456,1.6124e-05,0.24801,0.0095295,0.065803,0.56195,0.064352,0.0088845
0.10444,0.00059366,0.42293,0.015393,0.0087878,0.3996,0.036798,0.011463
0.022035,0.066184,0.027006,0.017455,0.025446,0.68807,0.01726,0.13655
0.41323,0.0006068,0.43143,0.15231,0.0006068,0.0006068,0.0006068,0.0006068
0.14159,0.02334,0.067514,0.055422,0.062237,0.59384,0.033134,0.022917
0.53355,0.0083025,0.053847,0.0044152,0.022285,0.34516,0.019906,0.012538
0.77846,0.026227,0.02201,0.011047,8.4331e-05,0.12742,8.4331e-05,0.03466
0.0062929,0.20652,0.13215,0.00057208,0.14931,0.42963,0.074943,0.00057208
0.81098,0.0001648,0.0001648,0.10234,0.0001648,0.08586,0.0001648,0.0001648
0.008744,0.00079491,0.46979,0.11208,0.00079491,0.36645,0.040541,0.00079491
0.73835,0.012506,0.24546,0.00024522,0.00024522,0.0026974,0.00024522,0.00024522
0.065153,0.017121,0.16819,0.0024016,0.39286,0.24334,0.032615,0.078324
0.04982,0.00044883,0.69614,0.031867,0.094704,0.00044883,0.00044883,0.12612
0.81784,0.00033921,0.18012,0.00033921,0.00033921,0.00033921,0.00033921,0.00033921
0.00055928,0.00055928,0.66051,0.00055928,0.095638,0.00055928,0.00055928,0.24105
0.0002067,0.018809,0.26064,0.0002067,0.66784,0.0002067,0.0002067,0.051881
0.0043626,0.0059056,0.0026793,0.36137,0.39629,1.4028e-05,0.21884,0.010535
0.0067943,0.00050776,0.0031675,0.48989,0.3424,2.4179e-05,0.14607,0.011147
0.65956,0.00049554,0.33746,0.00049554,0.00049554,0.00049554,0.00049554,0.00049554
0.0012225,0.0012225,0.99144,0.0012225,0.0012225,0.0012225,0.0012225,0.0012225
0.0011933,0.0011933,0.95585,0.036993,0.0011933,0.0011933,0.0011933,0.0011933
0.00098057,0.0027634,0.17481,0.0098948,0.41906,0.24077,0.03842,0.1133
0.78331,0.00034919,0.067258,1.1264e-05,0.0074455,0.1282,0.013415,1.1264e-05
0.0010661,0.0010661,0.83262,0.129,0.0010661,0.022388,0.011727,0.0010661
0.066889,9.0269e-05,9.0269e-05,0.83237,9.0269e-05,0.068695,0.031684,9.0269e-05
0.035036,0.040575,0.099529,1.9783e-05,0.20062,0.60321,0.017231,0.0037786
0.85436,0.00012923,0.11644,0.02856,0.00012923,0.00012923,0.00012923,0.00012923
0.00023764,0.0026141,0.6395,0.16659,0.17372,0.01212,0.0049905,0.00023764
0.23063,0.0017606,0.7588,0.0017606,0.0017606,0.0017606,0.0017606,0.0017606
0.038646,1.1779e-05,0.015795,0.077163,0.12016,0.72017,0.017916,0.010142
0.90408,0.019731,0.06815,0.00313,1.7293e-05,0.0019195,1.7293e-05,0.002957
0.022161,0.01019,0.0094754,0.3393,0.023352,0.55454,0.040147,0.00083975
0.0011261,0.0011261,0.94707,0.023649,0.023649,0.0011261,0.0011261,0.0011261
0.0011013,0.0011013,0.99229,0.0011013,0.0011013,0.0011013,0.0011013,0.0011013
0.9142,0.0019109,0.0028546,2.3592e-05,0.0054497,0.055228,2.3592e-05,0.020312
0.50098,0.00049068,0.45191,0.00049068,0.015211,0.00049068,0.015211,0.015211
0.00025589,0.023286,0.13588,0.43782,0.402,0.00025589,0.00025589,0.00025589
0.00012807,0.21017,0.035989,0.00012807,0.00012807,0.13204,0.38563,0.23578
0.0010438,0.0010438,0.5334,0.0010438,0.0010438,0.46033,0.0010438,0.0010438
0.077097,0.016936,0.037911,7.419e-05,0.13004,0.62678,0.05801,0.053154
0.83681,9.2353e-05,0.079516,0.08321,9.2353e-05,9.2353e-05,9.2353e-05,9.2353e-05
0.19992,0.019294,0.057608,0.008347,0.1575,0.27791,0.022031,0.25739
0.93092,0.015145,0.022198,3.3582e-05,0.028914,3.3582e-05,3.3582e-05,0.0027201
0.39133,0.052908,0.0052431,0.52955,0.00047664,0.00047664,0.019542,0.00047664
0.0012077,0.0012077,0.97947,0.013285,0.0012077,0.0012077,0.0012077,0.0012077
0.0090774,0.043582,0.011201,0.025003,0.75173,0.081803,5.3084e-05,0.077556
0.82864,0.00018288,0.029444,0.084309,0.056876,0.00018288,0.00018288,0.00018288
0.75,0.00078864,0.06388,0.00078864,0.00078864,0.00078864,0.18218,0.00078864
0.89051,0.0018907,0.00017188,0.0036095,0.00017188,0.00017188,0.1033,0.00017188
0.0015198,0.0015198,0.94377,0.047112,0.0015198,0.0015198,0.0015198,0.0015198
0.21667,3.647e-06,0.055949,0.0031765,0.22087,0.46857,0.029107,0.0056565
0.74876,0.00049554,0.23835,0.00049554,0.00049554,0.00049554,0.010406,0.00049554
0.00025853,0.041624,0.56644,0.15538,0.23552,0.00025853,0.00025853,0.00025853
0.0014535,0.0014535,0.98983,0.0014535,0.0014535,0.0014535,0.0014535,0.0014535
0.0011655,0.0011655,0.96853,0.0011655,0.0011655,0.0011655,0.0011655,0.024476
0.00010618,0.052134,0.00010618,0.023466,0.2422,0.17424,0.0022298,0.50552
0.0011655,0.0011655,0.99184,0.0011655,0.0011655,0.0011655,0.0011655,0.0011655
0.0040442,0.4637,0.0030578,0.0099625,9.8639e-05,0.39663,0.090846,0.031663
0.002255,0.061706,0.061706,0.21751,0.000205,0.26671,0.000205,0.38971
0.008529,0.03519,0.036424,0.13899,0.17911,0.54458,0.030499,0.026673
0.00018025,0.02181,0.11914,0.0037851,0.02181,0.1624,0.20566,0.46521
0.00025138,0.0077929,0.51056,0.00025138,0.060583,0.005279,0.32956,0.085721
0.58239,0.00080775,0.40468,0.0088853,0.00080775,0.00080775,0.00080775,0.00080775
0.0011655,0.0011655,0.99184,0.0011655,0.0011655,0.0011655,0.0011655,0.0011655
0.73783,0.00069541,0.091099,0.021558,0.00069541,0.00069541,0.14673,0.00069541
0.00086356,0.00086356,0.99396,0.00086356,0.00086356,0.00086356,0.00086356,0.00086356
0.00012037,0.76083,0.015768,0.0037313,0.00012037,0.20474,0.014564,0.00012037
0.0083301,0.41363,0.016124,0.13401,0.02879,0.39902,4.8714e-05,4.8714e-05
0.44188,3.2323e-05,0.021042,3.2323e-05,0.001002,0.14839,0.38758,3.2323e-05
0.0011655,0.0011655,0.7704,0.22261,0.0011655,0.0011655,0.0011655,0.0011655
0.0088141,0.00080128,0.98638,0.00080128,0.00080128,0.00080128,0.00080128,0.00080128
3.0296e-05,0.075164,0.010331,3.0296e-05,0.070922,3.0296e-05,0.60322,0.24028
0.00083472,0.00083472,0.96912,0.025876,0.00083472,0.00083472,0.00083472,0.00083472
0.18548,0.0011521,0.78456,0.012673,0.0011521,0.0011521,0.012673,0.0011521
0.00048591,0.019922,0.1171,0.024781,0.83139,0.005345,0.00048591,0.00048591
0.00013266,0.0027859,0.00013266,0.12616,0.32383,0.00013266,0.00013266,0.5467
0.00052138,0.00052138,0.00052138,0.052659,0.00052138,0.14129,0.18822,0.61575
0.0012376,0.0012376,0.99134,0.0012376,0.0012376,0.0012376,0.0012376,0.0012376
0.18437,0.010725,0.42441,0.00051073,0.00051073,0.37845,0.00051073,0.00051073
0.0002661,0.17057,0.0029271,0.19984,0.22911,0.26104,0.0002661,0.13598
0.0013021,0.0013021,0.027344,0.9388,0.027344,0.0013021,0.0013021,0.0013021
0.0011521,0.0011521,0.98041,0.0011521,0.0011521,0.012673,0.0011521,0.0011521
0.00049068,0.015211,0.16241,0.098626,0.00049068,0.098626,0.62365,0.00049068
0.012821,0.0011655,0.95688,0.0011655,0.0011655,0.0011655,0.024476,0.0011655
0.00058548,0.00058548,0.38115,0.0064403,0.059133,0.37529,0.17623,0.00058548
0.0035129,0.76631,0.053697,0.041987,0.00016728,0.087153,0.00016728,0.047006
0.0011933,0.0011933,0.99165,0.0011933,0.0011933,0.0011933,0.0011933,0.0011933
0.0091559,0.00022331,0.16548,0.2347,0.58754,0.0024565,0.00022331,0.00022331
0.18978,0.0003574,0.3649,0.0003574,0.0003574,0.44353,0.0003574,0.0003574
0.0069397,0.00016926,0.75846,0.12712,0.079722,0.022173,0.0052471,0.00016926
0.34071,0.0014749,0.63569,0.016224,0.0014749,0.0014749,0.0014749,0.0014749
0.73173,0.0010438,0.262,0.0010438,0.0010438,0.0010438,0.0010438,0.0010438
2.0013e-05,0.1199,0.00022014,0.24518,0.28921,0.2842,0.0090258,0.052253
0.37166,0.00074184,0.61647,0.0081602,0.00074184,0.00074184,0.00074184,0.00074184
0.00064599,0.013566,0.66602,0.00064599,0.00064599,0.00064599,0.31718,0.00064599
0.0077574,0.48731,0.49436,0.0077574,0.00070522,0.00070522,0.00070522,0.00070522
0.0011521,0.0011521,0.99194,0.0011521,0.0011521,0.0011521,0.0011521,0.0011521
0.41207,0.1364,0.0062513,0.10873,0.00010248,0.1487,0.023673,0.16407
0.33851,0.00018288,0.0056693,0.033102,0.62015,0.00018288,0.00018288,0.0020117
0.1535,0.0015198,0.82219,0.0015198,0.016717,0.0015198,0.0015198,0.0015198
0.57929,0.00020756,0.29494,0.12474,0.00020756,0.00020756,0.00020756,0.00020756
0.0048298,0.00022999,0.88569,0.00022999,0.10603,0.00022999,0.0025299,0.00022999
0.00016756,0.070543,0.67376,0.24145,0.00016756,0.00016756,0.013572,0.00016756
0.00091912,0.046875,0.00091912,0.38695,0.00091912,0.00091912,0.17555,0.38695
0.012984,0.001999,0.25268,0.089702,0.041799,0.56514,0.014065,0.021629
0.0011136,0.0011136,0.9922,0.0011136,0.0011136,0.0011136,0.0011136,0.0011136
0.0011521,0.0011521,0.72696,0.024194,0.24309,0.0011521,0.0011521,0.0011521
0.76195,0.00034153,0.236,0.00034153,0.00034153,0.00034153,0.00034153,0.00034153
0.05794,0.00071531,0.83763,0.10086,0.00071531,0.00071531,0.00071531,0.00071531
0.0010438,0.0010438,0.6691,0.011482,0.22025,0.0010438,0.09499,0.0010438
0.0015432,0.0015432,0.75772,0.0015432,0.125,0.10957,0.0015432,0.0015432
0.0011261,0.0011261,0.99212,0.0011261,0.0011261,0.0011261,0.0011261,0.0011261
6.8409e-05,0.017171,0.25113,0.02538,0.056164,0.019907,0.63011,6.8409e-05
0.00021515,0.2756,0.27345,0.23257,0.00021515,0.00021515,0.15512,0.062608
0.35386,0.00082102,0.058292,0.2225,0.36207,0.00082102,0.00082102,0.00082102
0.75101,0.03557,0.00010134,0.13387,0.00010134,0.079145,0.00010134,0.00010134
0.0011521,0.0011521,0.96889,0.0011521,0.0011521,0.0011521,0.0011521,0.024194
0.21546,0.0016447,0.65954,0.11678,0.0016447,0.0016447,0.0016447,0.0016447
0.00019577,0.10395,0.00019577,0.1529,0.54444,0.00019577,0.092208,0.10591
0.88625,0.00010562,0.066646,0.00010562,0.021229,0.00010562,0.025454,0.00010562
0.30855,0.079994,0.00015654,0.001722,0.00015654,0.56215,0.00015654,0.04712
0.00073099,0.00073099,0.90716,0.00073099,0.08845,0.00073099,0.00073099,0.00073099
0.00039246,0.00039246,0.00039246,0.31044,0.42818,0.25942,0.00039246,0.00039246
