0.0016667,0.018333,0.0016667,0.0016667,0.0016667,0.0016667,0.20167,0.56833,0.0016667,0.0016667,0.0016667,0.0016667,0.16833,0.0016667,0.0016667,0.0016667,0.0016667,0.018333,0.0016667,0.0016667
0.00028249,0.022881,0.00028249,0.00028249,0.0087571,0.00028249,0.00028249,0.017232,0.00028249,0.00028249,0.00028249,0.00028249,0.00028249,0.00028249,0.92966,0.0031073,0.00028249,0.014407,0.00028249,0.00028249
0.00046296,0.00046296,0.0050926,0.00046296,0.00046296,0.060648,0.014352,0.36157,0.00046296,0.00046296,0.00046296,0.00046296,0.00046296,0.00046296,0.55139,0.00046296,0.00046296,0.00046296,0.00046296,0.00046296
0.00032895,0.0036184,0.00032895,0.00032895,0.026645,0.010197,0.016776,0.00032895,0.00032895,0.00032895,0.00032895,0.00032895,0.00032895,0.010197,0.89178,0.00032895,0.00032895,0.036513,0.00032895,0.00032895
0.00032362,0.00032362,0.00032362,0.00032362,0.00032362,0.05534,0.00032362,0.32718,0.17832,0.00032362,0.00032362,0.00032362,0.010032,0.20421,0.19773,0.00032362,0.00032362,0.0067961,0.00032362,0.016505
0.00027397,0.052329,0.00027397,0.00027397,0.033151,0.00027397,0.00027397,0.0030137,0.00027397,0.00027397,0.011233,0.00027397,0.00027397,0.03589,0.86055,0.00027397,0.00027397,0.00027397,0.00027397,0.00027397
0.002,0.002,0.022,0.002,0.002,0.022,0.002,0.862,0.002,0.002,0.002,0.002,0.002,0.002,0.022,0.002,0.022,0.022,0.002,0.002
0.0008,0.0008,0.0008,0.0008,0.0248,0.0008,0.1528,0.6728,0.0008,0.0088,0.1048,0.0248,0.0008,0.0008,0.0008,0.0008,0.0008,0.0008,0.0008,0.0008
0.00053476,0.22513,0.01123,0.021925,0.00053476,0.20909,0.00053476,0.44439,0.00053476,0.00053476,0.00053476,0.00053476,0.00053476,0.021925,0.00053476,0.00053476,0.0058824,0.054011,0.00053476,0.00053476
0.00084034,0.11008,0.00084034,0.1437,0.00084034,0.034454,0.00084034,0.059664,0.00084034,0.00084034,0.00084034,0.051261,0.00084034,0.02605,0.56387,0.00084034,0.00084034,0.00084034,0.00084034,0.00084034
0.00092593,0.00092593,0.00092593,0.00092593,0.00092593,0.00092593,0.51019,0.46389,0.010185,0.00092593,0.00092593,0.00092593,0.00092593,0.00092593,0.00092593,0.00092593,0.00092593,0.00092593,0.00092593,0.00092593
0.00035336,0.00035336,0.00035336,0.00035336,0.00035336,0.00035336,0.41025,0.41378,0.00035336,0.00035336,0.049823,0.0038869,0.0074205,0.00035336,0.00035336,0.00035336,0.00035336,0.071025,0.039223,0.00035336
0.017012,0.29087,0.00041494,0.00041494,0.12905,0.00041494,0.083402,0.10415,0.00041494,0.00041494,0.00041494,0.00041494,0.00041494,0.050207,0.050207,0.00041494,0.26598,0.0045643,0.00041494,0.00041494
0.00041322,0.00041322,0.00041322,0.00041322,0.00041322,0.00041322,0.0086777,0.033471,0.00041322,0.00041322,0.00041322,0.00041322,0.00041322,0.00041322,0.14091,0.00041322,0.81033,0.00041322,0.00041322,0.00041322
0.00070922,0.00070922,0.0078014,0.00070922,0.00070922,0.12128,0.00070922,0.47589,0.00070922,0.00070922,0.00070922,0.00070922,0.00070922,0.0078014,0.3766,0.00070922,0.00070922,0.00070922,0.00070922,0.00070922
0.00046948,0.00046948,0.00046948,0.00046948,0.0098592,0.066197,0.0051643,0.28216,0.0098592,0.00046948,0.00046948,0.00046948,0.00046948,0.39484,0.0051643,0.00046948,0.0051643,0.00046948,0.21643,0.00046948
0.00034014,0.017347,0.00034014,0.00034014,0.00034014,0.23844,0.00034014,0.12279,0.00034014,0.00034014,0.00034014,0.010544,0.00034014,0.00034014,0.60238,0.00034014,0.00034014,0.0037415,0.00034014,0.00034014
0.00052356,0.068586,0.00052356,0.00052356,0.00052356,0.026702,0.00052356,0.28848,0.00052356,0.00052356,0.00052356,0.00052356,0.00052356,0.0057592,0.60262,0.00052356,0.00052356,0.00052356,0.00052356,0.00052356
0.0056122,0.0056122,0.0005102,0.0005102,0.0056122,0.087245,0.010714,0.26071,0.0005102,0.0005102,0.0005102,0.0005102,0.0005102,0.0005102,0.44949,0.0005102,0.0056122,0.0005102,0.0005102,0.16378
0.0004,0.0004,0.0004,0.0004,0.0004,0.0004,0.0164,0.2764,0.0124,0.0004,0.0004,0.0004,0.0004,0.0004,0.6604,0.0004,0.0284,0.0004,0.0004,0.0004
0.0061111,0.072778,0.00055556,0.00055556,0.00055556,0.00055556,0.00055556,0.00055556,0.00055556,0.00055556,0.0061111,0.00055556,0.0061111,0.00055556,0.86722,0.033889,0.00055556,0.00055556,0.00055556,0.00055556
0.00029762,0.00029762,0.00029762,0.00029762,0.00029762,0.17292,0.00029762,0.14911,0.00029762,0.00029762,0.062798,0.0092262,0.00029762,0.00029762,0.57768,0.00029762,0.024107,0.00029762,0.00029762,0.00029762
0.00045662,0.16484,0.00045662,0.00045662,0.00045662,0.17397,0.00045662,0.5484,0.00045662,0.00045662,0.00045662,0.00045662,0.00045662,0.00045662,0.10548,0.00045662,0.00045662,0.00045662,0.00045662,0.00045662
0.00054945,0.62143,0.00054945,0.00054945,0.00054945,0.00054945,0.00054945,0.006044,0.006044,0.00054945,0.00054945,0.00054945,0.00054945,0.17088,0.18187,0.00054945,0.00054945,0.00054945,0.006044,0.00054945
0.00050505,0.40455,0.00050505,0.00050505,0.00050505,0.00050505,0.00050505,0.30354,0.00050505,0.05101,0.00050505,0.00050505,0.00050505,0.00050505,0.21768,0.00050505,0.015657,0.00050505,0.00050505,0.00050505
0.20688,0.05873,0.0005291,0.0005291,0.016402,0.0058201,0.0005291,0.4291,0.0005291,0.0005291,0.0005291,0.0005291,0.021693,0.069312,0.18571,0.0005291,0.0005291,0.0005291,0.0005291,0.0005291
6.689e-05,0.035518,0.00073579,6.689e-05,0.0014047,0.01612,6.689e-05,0.015452,6.689e-05,6.689e-05,6.689e-05,0.081672,0.0027425,6.689e-05,0.8208,6.689e-05,6.689e-05,6.689e-05,0.014114,0.010769
0.00042017,0.1937,0.00042017,0.00042017,0.0046218,0.00042017,0.00042017,0.017227,0.2105,0.00042017,0.013025,0.00042017,0.00042017,0.00042017,0.55504,0.00042017,0.00042017,0.00042017,0.00042017,0.00042017
0.014762,0.00047619,0.00047619,0.00047619,0.00047619,0.00047619,0.7719,0.019524,0.014762,0.0052381,0.00047619,0.00047619,0.00047619,0.00047619,0.16238,0.00047619,0.00047619,0.00047619,0.00047619,0.0052381
0.00084034,0.00084034,0.00084034,0.00084034,0.00084034,0.00084034,0.12689,0.042857,0.00084034,0.00084034,0.00084034,0.00084034,0.68992,0.00084034,0.12689,0.00084034,0.00084034,0.00084034,0.00084034,0.00084034
0.00048077,0.00048077,0.00048077,0.00048077,0.00048077,0.0052885,0.00048077,0.22644,0.0052885,0.00048077,0.00048077,0.00048077,0.00048077,0.00048077,0.75529,0.00048077,0.00048077,0.00048077,0.00048077,0.00048077
0.0005988,0.0005988,0.0005988,0.0005988,0.0005988,0.0005988,0.0005988,0.0005988,0.0005988,0.0005988,0.0005988,0.0005988,0.012575,0.65329,0.27006,0.0005988,0.048503,0.0005988,0.0005988,0.0065868
0.00026178,0.00026178,0.00026178,0.00026178,0.00026178,0.00026178,0.00026178,0.26204,0.00026178,0.00026178,0.00026178,0.00026178,0.00026178,0.59712,0.076178,0.00026178,0.00026178,0.00026178,0.060471,0.00026178
0.00033223,0.44884,0.00033223,0.00033223,0.00033223,0.00033223,0.00033223,0.00033223,0.00033223,0.00033223,0.00033223,0.00033223,0.00033223,0.0036545,0.54186,0.00033223,0.00033223,0.00033223,0.00033223,0.00033223
0.00056818,0.034659,0.00056818,0.00056818,0.028977,0.35284,0.00056818,0.21648,0.00056818,0.00056818,0.00056818,0.00056818,0.00056818,0.00056818,0.31307,0.00056818,0.017614,0.028977,0.00056818,0.00056818
0.0048673,0.00044248,0.00044248,0.018142,0.00044248,0.00044248,0.0048673,0.00044248,0.00044248,0.00044248,0.00044248,0.00044248,0.00044248,0.00044248,0.96504,0.00044248,0.00044248,0.00044248,0.00044248,0.00044248
0.033535,0.29637,0.00030211,0.00030211,0.00030211,0.23293,0.060725,0.0093656,0.00030211,0.015408,0.00030211,0.00030211,0.00030211,0.00030211,0.31752,0.027492,0.00030211,0.0033233,0.00030211,0.00030211
0.00044444,0.41822,0.00044444,0.00044444,0.00044444,0.00044444,0.00044444,0.049333,0.00044444,0.00044444,0.00044444,0.00044444,0.00044444,0.00044444,0.52489,0.00044444,0.00044444,0.00044444,0.00044444,0.00044444
0.00018519,0.015,0.00018519,0.00018519,0.052037,0.33537,0.0094444,0.27426,0.00018519,0.00018519,0.00018519,0.0038889,0.00018519,0.024259,0.25389,0.002037,0.027963,0.00018519,0.00018519,0.00018519
0.00076336,0.00076336,0.00076336,0.00076336,0.00076336,0.2374,0.1229,0.031298,0.00076336,0.00076336,0.00076336,0.00076336,0.00076336,0.054198,0.52748,0.00076336,0.00076336,0.016031,0.00076336,0.00076336
0.00079365,0.0087302,0.00079365,0.00079365,0.00079365,0.00079365,0.096032,0.34206,0.00079365,0.00079365,0.00079365,0.00079365,0.5246,0.00079365,0.00079365,0.00079365,0.016667,0.00079365,0.00079365,0.00079365
0.00040161,0.12892,0.00040161,0.00040161,0.00040161,0.056627,0.00040161,0.65502,0.00040161,0.00040161,0.0044177,0.00040161,0.0084337,0.00040161,0.0084337,0.00040161,0.13293,0.00040161,0.00040161,0.00040161
0.0016393,0.0016393,0.0016393,0.0016393,0.0016393,0.13279,0.0016393,0.82131,0.0016393,0.0016393,0.018033,0.0016393,0.0016393,0.0016393,0.0016393,0.0016393,0.0016393,0.0016393,0.0016393,0.0016393
0.00053191,0.043085,0.00053191,0.0058511,0.00053191,0.22926,0.00053191,0.30372,0.00053191,0.00053191,0.0058511,0.00053191,0.0058511,0.059043,0.31436,0.00053191,0.027128,0.00053191,0.00053191,0.00053191
0.00030581,0.00030581,0.00030581,0.00030581,0.00030581,0.05841,0.17768,0.23578,0.00030581,0.00030581,0.00030581,0.00030581,0.00030581,0.40092,0.0737,0.006422,0.00030581,0.00030581,0.00030581,0.043119
0.0003413,0.031058,0.0003413,0.0037543,0.031058,0.0003413,0.0003413,0.1471,0.0003413,0.0003413,0.0003413,0.058362,0.0003413,0.0003413,0.72389,0.0003413,0.0003413,0.0003413,0.0003413,0.0003413
0.0019608,0.0019608,0.0019608,0.0019608,0.0019608,0.0019608,0.0019608,0.64902,0.021569,0.0019608,0.0019608,0.0019608,0.17843,0.0019608,0.0019608,0.0019608,0.11961,0.0019608,0.0019608,0.0019608
0.00049751,0.15473,0.010448,0.00049751,0.1,0.00049751,0.00049751,0.00049751,0.00049751,0.015423,0.00049751,0.00049751,0.00049751,0.015423,0.69701,0.00049751,0.00049751,0.00049751,0.00049751,0.00049751
0.00070922,0.00070922,0.00070922,0.00070922,0.0078014,0.00070922,0.085816,0.00070922,0.00070922,0.00070922,0.029078,0.32695,0.014894,0.00070922,0.52553,0.00070922,0.00070922,0.00070922,0.00070922,0.00070922
0.00051282,0.015897,0.00051282,0.00051282,0.00051282,0.051795,0.00051282,0.32872,0.00051282,0.00051282,0.026154,0.00051282,0.00051282,0.00051282,0.55949,0.00051282,0.00051282,0.00051282,0.00051282,0.010769
0.00052356,0.010995,0.0057592,0.00052356,0.00052356,0.00052356,0.00052356,0.89058,0.00052356,0.00052356,0.00052356,0.00052356,0.00052356,0.00052356,0.084293,0.00052356,0.00052356,0.00052356,0.00052356,0.00052356
0.0002809,0.064888,0.0002809,0.0002809,0.0030899,0.1941,0.35983,0.0002809,0.0002809,0.0002809,0.15197,0.0002809,0.0002809,0.0002809,0.19129,0.0002809,0.0002809,0.03118,0.0002809,0.0002809
0.0001182,0.26371,0.0001182,0.0001182,0.050946,0.0001182,0.15024,0.0001182,0.0001182,0.0001182,0.0001182,0.0001182,0.0001182,0.0001182,0.53322,0.0001182,0.0001182,0.0001182,0.0001182,0.0001182
0.0006135,0.037423,0.0006135,0.19693,0.0067485,0.0006135,0.0006135,0.7,0.0006135,0.019018,0.0006135,0.0006135,0.0006135,0.0006135,0.0006135,0.0006135,0.0006135,0.0006135,0.0006135,0.031288
0.00017544,0.15632,0.00017544,0.00017544,0.00017544,0.089649,0.019474,0.12123,0.017719,0.00017544,0.014211,0.18614,0.00017544,0.23877,0.017719,0.00017544,0.00017544,0.00017544,0.054561,0.082632
0.00037879,0.00037879,0.0041667,0.030682,0.00037879,0.098864,0.00037879,0.13295,0.00037879,0.00037879,0.00037879,0.00037879,0.00037879,0.00037879,0.28447,0.00037879,0.44356,0.00037879,0.00037879,0.00037879
0.0085366,0.21179,0.0004065,0.0004065,0.0004065,0.0004065,0.0004065,0.25244,0.0004065,0.0004065,0.0004065,0.0004065,0.0004065,0.0085366,0.5126,0.0004065,0.0004065,0.0004065,0.0004065,0.0004065
0.00042553,0.051489,0.00042553,0.00042553,0.00042553,0.00042553,0.030213,0.82596,0.00042553,0.00042553,0.00042553,0.00042553,0.00042553,0.00042553,0.077021,0.00042553,0.00042553,0.00042553,0.00042553,0.0089362
0.00025641,0.24385,0.00025641,0.00025641,0.00025641,0.34897,0.03359,0.00025641,0.00025641,0.0079487,0.041282,0.0028205,0.00025641,0.048974,0.18744,0.0028205,0.061795,0.018205,0.00025641,0.00025641
0.00051282,0.00051282,0.00051282,0.00051282,0.005641,0.087692,0.00051282,0.85692,0.00051282,0.00051282,0.00051282,0.00051282,0.010769,0.00051282,0.00051282,0.00051282,0.031282,0.00051282,0.00051282,0.00051282
0.00020534,0.031006,0.00020534,0.00020534,0.00020534,0.024846,0.00020534,0.9078,0.0043121,0.00020534,0.00020534,0.00020534,0.00020534,0.028953,0.00020534,0.00020534,0.00020534,0.00020534,0.00020534,0.00020534
0.0044534,0.10567,0.00040486,0.00040486,0.00040486,0.008502,0.00040486,0.069231,0.00040486,0.00040486,0.0044534,0.00040486,0.00040486,0.077328,0.61984,0.00040486,0.10567,0.00040486,0.00040486,0.00040486
0.00044643,0.00044643,0.00044643,0.00044643,0.00044643,0.076339,0.00044643,0.00044643,0.00044643,0.00044643,0.00044643,0.00044643,0.00044643,0.00044643,0.91563,0.00044643,0.00044643,0.00044643,0.00044643,0.00044643
0.00013245,0.13126,0.00013245,0.001457,0.00013245,0.004106,0.00013245,0.51934,0.001457,0.00013245,0.0027815,0.00013245,0.00013245,0.10344,0.23457,0.00013245,0.00013245,0.00013245,0.00013245,0.00013245
0.00037037,0.018889,0.00037037,0.011481,0.00037037,0.0040741,0.12259,0.31889,0.00037037,0.00037037,0.00037037,0.0040741,0.00037037,0.033704,0.47815,0.00037037,0.0040741,0.00037037,0.00037037,0.00037037
0.00044643,0.40223,0.00044643,0.031696,0.00044643,0.00044643,0.00044643,0.10759,0.18795,0.00044643,0.00044643,0.00044643,0.00044643,0.00044643,0.23705,0.022768,0.00044643,0.00044643,0.0049107,0.00044643
0.00045872,0.04633,0.00045872,0.00045872,0.00045872,0.00045872,0.00045872,0.00045872,0.00045872,0.00045872,0.00045872,0.00045872,0.00045872,0.00045872,0.94083,0.00045872,0.00045872,0.00045872,0.00045872,0.0050459
0.00016393,0.3559,0.0018033,0.00016393,0.042787,0.03623,0.00016393,0.00016393,0.00016393,0.00016393,0.00016393,0.00016393,0.00016393,0.00016393,0.52639,0.00016393,0.0018033,0.00016393,0.00016393,0.032951
0.0006135,0.0006135,0.012883,0.0006135,0.0006135,0.12945,0.0006135,0.10491,0.0067485,0.0006135,0.0006135,0.025153,0.0006135,0.019018,0.69387,0.0006135,0.0006135,0.0006135,0.0006135,0.0006135
0.00060976,0.00060976,0.00060976,0.00060976,0.00060976,0.00060976,0.21402,0.15915,0.00060976,0.012805,0.00060976,0.012805,0.00060976,0.012805,0.57378,0.00060976,0.00060976,0.00060976,0.0067073,0.00060976
0.00011682,0.10876,0.00011682,0.00011682,0.0024533,0.029322,0.00011682,0.1368,0.0036215,0.00011682,0.001285,0.00011682,0.00011682,0.0047897,0.70689,0.0024533,0.00011682,0.0024533,0.00011682,0.00011682
0.0005618,0.20843,0.0005618,0.0005618,0.0005618,0.039888,0.0005618,0.68034,0.0005618,0.0061798,0.0005618,0.0005618,0.0005618,0.0005618,0.0061798,0.0005618,0.051124,0.0005618,0.0005618,0.0005618
0.00016447,0.11201,0.00016447,0.00016447,0.29786,0.00016447,0.0067434,0.033059,0.00016447,0.00016447,0.00016447,0.00016447,0.00016447,0.0067434,0.53964,0.00016447,0.00016447,0.00016447,0.00016447,0.0018092
0.00037313,0.033955,0.00037313,0.00037313,0.00037313,0.00037313,0.093657,0.00037313,0.00037313,0.00037313,0.00037313,0.00037313,0.00037313,0.071269,0.79515,0.00037313,0.00037313,0.00037313,0.00037313,0.00037313
0.00086207,0.00086207,0.00086207,0.00086207,0.043966,0.00086207,0.00086207,0.41466,0.00086207,0.00086207,0.00086207,0.00086207,0.50948,0.00086207,0.018103,0.00086207,0.00086207,0.00086207,0.00086207,0.00086207
0.00045045,0.05,0.00045045,0.00045045,0.013964,0.00045045,0.00045045,0.00045045,0.00045045,0.00045045,0.00045045,0.0094595,0.00045045,0.50495,0.27973,0.068018,0.054505,0.00045045,0.013964,0.00045045
0.0012048,0.013253,0.0012048,0.013253,0.061446,0.013253,0.085542,0.27831,0.0012048,0.0012048,0.0012048,0.013253,0.0012048,0.013253,0.037349,0.013253,0.44699,0.0012048,0.0012048,0.0012048
0.0020833,0.0020833,0.0020833,0.0020833,0.0020833,0.0020833,0.21042,0.62708,0.0020833,0.0020833,0.0020833,0.0020833,0.0020833,0.0020833,0.12708,0.0020833,0.0020833,0.0020833,0.0020833,0.0020833
0.073913,0.0014493,0.0014493,0.0014493,0.0014493,0.0014493,0.0014493,0.65362,0.0014493,0.0014493,0.0014493,0.0014493,0.0014493,0.0014493,0.24783,0.0014493,0.0014493,0.0014493,0.0014493,0.0014493
0.0032934,0.28772,0.0002994,0.0002994,0.0002994,0.0002994,0.0002994,0.0002994,0.0002994,0.018263,0.0002994,0.0002994,0.0002994,0.12006,0.53024,0.0002994,0.0002994,0.036228,0.0002994,0.0002994
0.0011494,0.0011494,0.0011494,0.0011494,0.0011494,0.0011494,0.047126,0.5069,0.0011494,0.070115,0.0011494,0.047126,0.0011494,0.0011494,0.0011494,0.081609,0.23103,0.0011494,0.0011494,0.0011494
0.00022779,0.00022779,0.00022779,0.0025057,0.00022779,0.068565,0.00022779,0.22802,0.00022779,0.00022779,0.00022779,0.00022779,0.00022779,0.00022779,0.0070615,0.00022779,0.69043,0.00022779,0.00022779,0.00022779
0.0016667,0.0016667,0.0016667,0.0016667,0.0016667,0.0016667,0.0016667,0.90167,0.0016667,0.0016667,0.0016667,0.0016667,0.0016667,0.0016667,0.0016667,0.0016667,0.035,0.0016667,0.035,0.0016667
0.00097087,0.00097087,0.00097087,0.00097087,0.00097087,0.08835,0.13689,0.56408,0.00097087,0.00097087,0.00097087,0.00097087,0.00097087,0.00097087,0.11748,0.00097087,0.059223,0.020388,0.00097087,0.00097087
0.0017544,0.0017544,0.0017544,0.036842,0.0017544,0.0017544,0.0017544,0.66842,0.0017544,0.0017544,0.0017544,0.0017544,0.019298,0.0017544,0.24737,0.0017544,0.0017544,0.0017544,0.0017544,0.0017544
0.00051282,0.03641,0.00051282,0.00051282,0.00051282,0.00051282,0.00051282,0.40051,0.00051282,0.00051282,0.00051282,0.00051282,0.00051282,0.00051282,0.54923,0.00051282,0.00051282,0.005641,0.00051282,0.00051282
0.00088496,0.00088496,0.00088496,0.00088496,0.00088496,0.00088496,0.29292,0.23982,0.00088496,0.00088496,0.00088496,0.00088496,0.44336,0.00088496,0.0097345,0.00088496,0.00088496,0.00088496,0.00088496,0.00088496
0.0027228,0.15124,0.00024752,0.00024752,0.067079,0.00024752,0.0076733,0.00024752,0.010149,0.0076733,0.0027228,0.00024752,0.00024752,0.00024752,0.73045,0.00024752,0.00024752,0.00024752,0.00024752,0.017574
0.0069196,0.29263,0.00022321,0.00022321,0.00022321,0.031473,0.00022321,0.015848,0.00022321,0.00022321,0.011384,0.0046875,0.00022321,0.00022321,0.6029,0.00022321,0.00022321,0.01808,0.013616,0.00022321
0.0008547,0.026496,0.0008547,0.0008547,0.0008547,0.0008547,0.0008547,0.77863,0.0008547,0.0008547,0.0008547,0.0008547,0.0008547,0.18034,0.0008547,0.0008547,0.0008547,0.0008547,0.0008547,0.0008547
0.1908,0.0006135,0.0006135,0.0006135,0.0006135,0.0006135,0.061963,0.57117,0.0006135,0.0006135,0.11718,0.0006135,0.0067485,0.0006135,0.043558,0.0006135,0.0006135,0.0006135,0.0006135,0.0006135
0.00020704,0.34182,0.00020704,0.00020704,0.080952,0.00020704,0.00020704,0.00020704,0.00020704,0.00020704,0.00020704,0.00020704,0.0043478,0.025052,0.54472,0.00020704,0.00020704,0.00020704,0.00020704,0.00020704
0.0006135,0.0006135,0.0006135,0.15399,0.0006135,0.012883,0.012883,0.64479,0.0006135,0.0006135,0.0006135,0.0006135,0.0006135,0.11718,0.0067485,0.0006135,0.031288,0.0006135,0.012883,0.0006135
0.00051546,0.00051546,0.00051546,0.00051546,0.00051546,0.036598,0.00051546,0.41804,0.00051546,0.00051546,0.00051546,0.26856,0.00051546,0.00051546,0.26856,0.00051546,0.00051546,0.00051546,0.00051546,0.00051546
0.20688,0.000625,0.000625,0.000625,0.044375,0.006875,0.22563,0.000625,0.000625,0.000625,0.050625,0.000625,0.031875,0.000625,0.41938,0.006875,0.000625,0.000625,0.000625,0.000625
0.00081967,0.00081967,0.00081967,0.00081967,0.00081967,0.00081967,0.00081967,0.64836,0.017213,0.017213,0.07459,0.033607,0.00081967,0.00081967,0.19754,0.00081967,0.00081967,0.00081967,0.00081967,0.00081967
0.06147,0.020521,4.6533e-05,4.6533e-05,4.6533e-05,4.6533e-05,4.6533e-05,4.6533e-05,0.022848,0.0019079,0.0019079,0.034016,0.81624,4.6533e-05,0.017729,0.020521,4.6533e-05,4.6533e-05,0.0023732,4.6533e-05
4.5977e-05,0.54303,0.0028046,4.5977e-05,0.012,4.5977e-05,4.5977e-05,4.5977e-05,0.097057,4.5977e-05,0.03177,4.5977e-05,4.5977e-05,4.5977e-05,0.2612,4.5977e-05,4.5977e-05,0.01154,4.5977e-05,0.040046
0.0017544,0.0017544,0.036842,0.0017544,0.036842,0.0017544,0.019298,0.8614,0.019298,0.0017544,0.0017544,0.0017544,0.0017544,0.0017544,0.0017544,0.0017544,0.0017544,0.0017544,0.0017544,0.0017544
0.0021696,0.0357,0.0061144,0.00019724,0.00019724,0.00019724,0.025838,0.00019724,0.00019724,0.00019724,0.00019724,0.00019724,0.00019724,0.0021696,0.89763,0.00019724,0.00019724,0.012032,0.00019724,0.015976
0.0008547,0.0008547,0.0008547,0.0008547,0.0008547,0.0094017,0.0008547,0.43675,0.0008547,0.0008547,0.0008547,0.0008547,0.53932,0.0008547,0.0008547,0.0008547,0.0008547,0.0008547,0.0008547,0.0008547
0.00040816,0.00040816,0.00040816,0.00040816,0.00040816,0.10653,0.00040816,0.0085714,0.00040816,0.00040816,0.00040816,0.020816,0.00040816,0.00040816,0.83714,0.00040816,0.020816,0.00040816,0.00040816,0.00040816
0.00037313,0.00037313,0.00037313,0.00037313,0.00037313,0.11604,0.00037313,0.0041045,0.00037313,0.00037313,0.00037313,0.00037313,0.00037313,0.00037313,0.16828,0.00037313,0.7056,0.00037313,0.00037313,0.00037313
0.0002924,0.0002924,0.02076,0.0002924,0.0002924,0.14064,0.090936,0.0002924,0.0002924,0.0002924,0.0002924,0.0002924,0.0002924,0.0002924,0.73713,0.0002924,0.0032164,0.0032164,0.0002924,0.0002924
0.00074627,0.008209,0.00074627,0.00074627,0.00074627,0.00074627,0.00074627,0.30672,0.00074627,0.00074627,0.00074627,0.00074627,0.64254,0.00074627,0.023134,0.00074627,0.008209,0.00074627,0.00074627,0.00074627
0.00024876,0.48532,0.00024876,0.00024876,0.00024876,0.00024876,0.035075,0.00024876,0.00024876,0.00024876,0.0027363,0.00024876,0.0027363,0.00024876,0.43557,0.00024876,0.00024876,0.00024876,0.035075,0.00024876
0.00037175,0.17138,0.00037175,0.022677,0.00037175,0.00037175,0.00037175,0.00037175,0.00037175,0.0078067,0.00037175,0.00037175,0.00037175,0.12677,0.57658,0.00037175,0.089591,0.00037175,0.00037175,0.00037175
0.00035714,0.10393,0.025357,0.025357,0.0075,0.046786,0.00035714,0.27893,0.0039286,0.0575,0.00035714,0.00035714,0.021786,0.0325,0.20393,0.00035714,0.18964,0.00035714,0.00035714,0.00035714
0.00014535,0.34753,0.07718,0.00014535,0.00014535,0.00014535,0.11352,0.00014535,0.00014535,0.0015988,0.00014535,0.0015988,0.00014535,0.00014535,0.44055,0.00014535,0.00014535,0.00014535,0.00014535,0.016134
0.00088496,0.00088496,0.00088496,0.00088496,0.00088496,0.00088496,0.00088496,0.00088496,0.0097345,0.00088496,0.00088496,0.00088496,0.00088496,0.00088496,0.93009,0.027434,0.0097345,0.00088496,0.0097345,0.00088496
0.00028011,0.078711,0.00028011,0.00028011,0.00028011,0.0030812,0.00028011,0.11513,0.00028011,0.00028011,0.00028011,0.00028011,0.00028011,0.00028011,0.78459,0.00028011,0.00028011,0.014286,0.00028011,0.00028011
0.00056818,0.38693,0.011932,0.00056818,0.011932,0.00056818,0.023295,0.4267,0.00056818,0.011932,0.00625,0.00056818,0.00056818,0.00056818,0.1142,0.00056818,0.00056818,0.00056818,0.00056818,0.00056818
0.00068966,0.00068966,0.00068966,0.00068966,0.00068966,0.062759,0.00068966,0.49724,0.00068966,0.00068966,0.083448,0.0075862,0.0075862,0.00068966,0.25586,0.00068966,0.00068966,0.00068966,0.00068966,0.076552
0.00051546,0.036598,0.00051546,0.00051546,0.00051546,0.00051546,0.00051546,0.21186,0.00051546,0.00051546,0.00051546,0.00051546,0.00051546,0.00051546,0.74278,0.00051546,0.00051546,0.00051546,0.00051546,0.00051546
0.00054348,0.016848,0.00054348,0.00054348,0.00054348,0.00054348,0.21793,0.28859,0.00054348,0.00054348,0.00054348,0.00054348,0.00054348,0.43533,0.00054348,0.00054348,0.033152,0.00054348,0.00054348,0.00054348
0.00093458,0.00093458,0.00093458,0.00093458,0.00093458,0.00093458,0.22523,0.37477,0.00093458,0.00093458,0.00093458,0.00093458,0.36542,0.00093458,0.00093458,0.00093458,0.00093458,0.019626,0.00093458,0.00093458
0.00027933,0.42207,0.00027933,0.00027933,0.00027933,0.00027933,0.00027933,0.13156,0.00027933,0.00027933,0.00027933,0.00027933,0.00027933,0.00027933,0.44162,0.00027933,0.00027933,0.00027933,0.00027933,0.00027933
0.00037736,0.094717,0.00037736,0.00037736,0.00037736,0.00037736,0.00037736,0.00037736,0.00037736,0.00037736,0.00037736,0.015472,0.00037736,0.00037736,0.85321,0.00037736,0.00037736,0.030566,0.00037736,0.00037736
0.00031348,0.053605,0.00031348,0.00031348,0.00031348,0.54577,0.0034483,0.22915,0.00031348,0.00031348,0.00031348,0.00031348,0.00031348,0.00031348,0.16332,0.00031348,0.00031348,0.00031348,0.00031348,0.00031348
0.0011111,0.0011111,0.0011111,0.0011111,0.0011111,0.0011111,0.20111,0.73444,0.0011111,0.0011111,0.0011111,0.0011111,0.0011111,0.0011111,0.0011111,0.0011111,0.045556,0.0011111,0.0011111,0.0011111
0.0003268,0.010131,0.0003268,0.0003268,0.0003268,0.036275,0.0003268,0.71601,0.0003268,0.0003268,0.0003268,0.0003268,0.0003268,0.026471,0.14739,0.0003268,0.05915,0.0003268,0.0003268,0.0003268
0.010145,0.00048309,0.00048309,0.00048309,0.005314,0.00048309,0.00048309,0.62367,0.00048309,0.00048309,0.00048309,0.00048309,0.00048309,0.00048309,0.35314,0.00048309,0.00048309,0.00048309,0.00048309,0.00048309
0.0018519,0.0018519,0.0018519,0.0018519,0.038889,0.057407,0.0018519,0.0018519,0.0018519,0.02037,0.0018519,0.0018519,0.02037,0.0018519,0.27963,0.057407,0.40926,0.0018519,0.094444,0.0018519
0.00034602,0.010727,0.00034602,0.00034602,0.00034602,0.00034602,0.00034602,0.00034602,0.014187,0.00034602,0.00034602,0.00034602,0.00034602,0.00034602,0.94498,0.00034602,0.00034602,0.021107,0.00034602,0.0038062
0.00050761,0.00050761,0.00050761,0.00050761,0.00050761,0.00050761,0.0055838,0.00050761,0.00050761,0.00050761,0.0055838,0.00050761,0.00050761,0.21371,0.43706,0.26447,0.051269,0.00050761,0.015736,0.00050761
0.0002457,0.098526,0.0002457,0.0002457,0.0002457,0.0543,0.0002457,0.0002457,0.0002457,0.0002457,0.0002457,0.0002457,0.0002457,0.0002457,0.83808,0.0002457,0.0002457,0.0002457,0.0002457,0.0051597
0.00081967,0.00081967,0.00081967,0.033607,0.00081967,0.24672,0.00081967,0.52541,0.00081967,0.00081967,0.00081967,0.00081967,0.00081967,0.0090164,0.14836,0.017213,0.00081967,0.0090164,0.00081967,0.00081967
0.00024876,0.025124,0.00024876,0.00024876,0.082338,0.00024876,0.00024876,0.00024876,0.00024876,0.00024876,0.00024876,0.00024876,0.0027363,0.054975,0.82363,0.0027363,0.00024876,0.00024876,0.0027363,0.0027363
0.00015798,0.16445,0.00015798,0.0017378,0.049131,0.00015798,0.0017378,0.00015798,0.00015798,0.00015798,0.00015798,0.00015798,0.00015798,0.00015798,0.72528,0.00015798,0.00015798,0.00015798,0.00015798,0.05545
0.00049505,0.0054455,0.00049505,0.00049505,0.00049505,0.015347,0.04505,0.00049505,0.00049505,0.00049505,0.00049505,0.00049505,0.00049505,0.025248,0.89653,0.00049505,0.00049505,0.00049505,0.0054455,0.00049505
0.00086957,0.061739,0.00086957,0.00086957,0.00086957,0.00086957,0.00086957,0.60087,0.00086957,0.00086957,0.00086957,0.00086957,0.00086957,0.00086957,0.30522,0.00086957,0.018261,0.00086957,0.00086957,0.00086957
0.00082645,0.00082645,0.00082645,0.00082645,0.00082645,0.00082645,0.02562,0.43884,0.00082645,0.00082645,0.00082645,0.00082645,0.52149,0.00082645,0.00082645,0.00082645,0.00082645,0.00082645,0.00082645,0.00082645
0.00035211,0.33486,0.00035211,0.00035211,0.00035211,0.074296,0.0038732,0.00035211,0.00035211,0.00035211,0.00035211,0.00035211,0.00035211,0.28556,0.21866,0.0038732,0.070775,0.00035211,0.00035211,0.0038732
0.00045455,0.00045455,0.00045455,0.00045455,0.00045455,0.00045455,0.00045455,0.00045455,0.00045455,0.005,0.00045455,0.00045455,0.00045455,0.11864,0.82773,0.018636,0.00045455,0.00045455,0.00045455,0.023182
0.18,0.10661,0.00018349,0.0020183,0.00018349,0.16165,0.025872,0.00018349,0.00018349,0.00018349,0.024037,0.00018349,0.0056881,0.00018349,0.46257,0.00018349,0.00018349,0.00018349,0.00018349,0.029541
0.00045455,0.00045455,0.00045455,0.00045455,0.00045455,0.00045455,0.005,0.0095455,0.00045455,0.00045455,0.00045455,0.005,0.00045455,0.005,0.64591,0.00045455,0.00045455,0.00045455,0.00045455,0.32318
0.00025773,0.23737,0.00025773,0.00025773,0.00025773,0.00025773,0.00025773,0.00025773,0.00025773,0.00025773,0.00025773,0.00025773,0.028608,0.0079897,0.67036,0.0028351,0.00025773,0.00025773,0.00025773,0.049227
0.00071942,0.16619,0.00071942,0.00071942,0.00071942,0.051079,0.00071942,0.46115,0.0079137,0.00071942,0.029496,0.00071942,0.00071942,0.08705,0.17338,0.00071942,0.00071942,0.015108,0.00071942,0.00071942
0.12741,0.39715,0.0002193,0.0002193,0.022149,0.0002193,0.0002193,0.0002193,0.0002193,0.0002193,0.0002193,0.0002193,0.0002193,0.0089912,0.44101,0.0002193,0.0002193,0.0002193,0.0002193,0.0002193
0.00056497,0.00056497,0.00056497,0.00056497,0.011864,0.00056497,0.00056497,0.23785,0.0062147,0.00056497,0.00056497,0.00056497,0.00056497,0.028814,0.18136,0.00056497,0.00056497,0.00056497,0.51469,0.011864
0.00032895,0.00032895,0.0036184,0.00032895,0.00032895,0.00032895,0.00032895,0.45757,0.00032895,0.00032895,0.00032895,0.00032895,0.00032895,0.00032895,0.53322,0.00032895,0.00032895,0.00032895,0.00032895,0.00032895
0.0014286,0.0014286,0.0014286,0.0014286,0.015714,0.0014286,0.0014286,0.0014286,0.0014286,0.0014286,0.0014286,0.072857,0.0014286,0.0014286,0.65857,0.0014286,0.23,0.0014286,0.0014286,0.0014286
0.00081967,0.00081967,0.0090164,0.00081967,0.00081967,0.00081967,0.36148,0.0090164,0.00081967,0.00081967,0.00081967,0.00081967,0.48443,0.00081967,0.12377,0.00081967,0.00081967,0.00081967,0.00081967,0.00081967
0.0013699,0.0013699,0.0013699,0.0013699,0.0013699,0.0013699,0.0013699,0.24795,0.0013699,0.028767,0.0013699,0.042466,0.028767,0.0013699,0.042466,0.0013699,0.52192,0.015068,0.0013699,0.056164
0.00086207,0.00086207,0.13879,0.37155,0.00086207,0.00086207,0.00086207,0.45776,0.00086207,0.00086207,0.00086207,0.00086207,0.018103,0.00086207,0.00086207,0.00086207,0.00086207,0.00086207,0.00086207,0.00086207
0.00027322,0.00027322,0.24891,0.00027322,0.23525,0.00027322,0.090437,0.00027322,0.00027322,0.00027322,0.013934,0.00027322,0.0084699,0.0030055,0.068579,0.098634,0.035792,0.00027322,0.00027322,0.19426
0.0018519,0.0018519,0.0018519,0.0018519,0.0018519,0.0018519,0.0018519,0.37222,0.0018519,0.0018519,0.0018519,0.0018519,0.26111,0.0018519,0.0018519,0.0018519,0.33519,0.0018519,0.0018519,0.0018519
0.00062893,0.044654,0.00062893,0.00062893,0.076101,0.00062893,0.00062893,0.66101,0.00062893,0.00062893,0.13899,0.00062893,0.0069182,0.00062893,0.044654,0.019497,0.00062893,0.00062893,0.00062893,0.00062893
0.0009434,0.0009434,0.0009434,0.010377,0.0009434,0.0009434,0.057547,0.0009434,0.0009434,0.0009434,0.0009434,0.0009434,0.51038,0.0009434,0.35943,0.0009434,0.048113,0.0009434,0.0009434,0.0009434
0.00066667,0.22067,0.00066667,0.00066667,0.00066667,0.00066667,0.00066667,0.66733,0.00066667,0.00066667,0.00066667,0.00066667,0.00066667,0.087333,0.0073333,0.0073333,0.00066667,0.00066667,0.00066667,0.00066667
0.00037736,0.00037736,0.00037736,0.00037736,0.00037736,0.00037736,0.015472,0.31358,0.0041509,0.0041509,0.00037736,0.00037736,0.00037736,0.34,0.056981,0.03434,0.00037736,0.00037736,0.22679,0.00037736
0.00064935,0.4487,0.00064935,0.00064935,0.00064935,0.00064935,0.046104,0.31883,0.0071429,0.00064935,0.00064935,0.00064935,0.00064935,0.026623,0.11753,0.00064935,0.013636,0.00064935,0.013636,0.00064935
0.00048309,0.19855,0.00048309,0.010145,0.00048309,0.068116,0.014976,0.41111,0.00048309,0.00048309,0.00048309,0.005314,0.00048309,0.00048309,0.28551,0.00048309,0.00048309,0.00048309,0.00048309,0.00048309
0.0052885,0.00048077,0.00048077,0.00048077,0.00048077,0.00048077,0.0052885,0.00048077,0.00048077,0.00048077,0.00048077,0.00048077,0.00048077,0.5774,0.2024,0.00048077,0.0052885,0.1976,0.00048077,0.00048077
0.00037453,0.097753,0.00037453,0.00037453,0.00037453,0.030337,0.00037453,0.74944,0.00037453,0.0078652,0.00037453,0.00037453,0.00037453,0.064045,0.045318,0.00037453,0.00037453,0.00037453,0.00037453,0.00037453
0.000625,0.000625,0.000625,0.000625,0.006875,0.006875,0.000625,0.36938,0.000625,0.000625,0.000625,0.000625,0.000625,0.019375,0.58188,0.000625,0.000625,0.000625,0.000625,0.006875
0.00055249,0.00055249,0.00055249,0.00055249,0.022652,0.0060773,0.00055249,0.43702,0.00055249,0.00055249,0.00055249,0.00055249,0.00055249,0.0060773,0.1221,0.0060773,0.39282,0.00055249,0.00055249,0.00055249
0.00034364,0.048454,0.00034364,0.00034364,0.0037801,0.0037801,0.00034364,0.53986,0.00034364,0.00034364,0.00034364,0.00034364,0.00034364,0.00034364,0.39897,0.00034364,0.00034364,0.00034364,0.00034364,0.00034364
0.0005291,0.16455,0.0005291,0.0005291,0.0005291,0.016402,0.0005291,0.011111,0.0005291,0.0005291,0.0005291,0.0005291,0.032275,0.0005291,0.75185,0.0005291,0.011111,0.0005291,0.0005291,0.0058201
0.00079365,0.00079365,0.00079365,0.00079365,0.00079365,0.00079365,0.056349,0.46111,0.00079365,0.00079365,0.00079365,0.0087302,0.46111,0.00079365,0.00079365,0.00079365,0.00079365,0.00079365,0.00079365,0.00079365
0.00050251,0.32211,0.00050251,0.00050251,0.0055276,0.23166,0.00050251,0.050754,0.00050251,0.00050251,0.010553,0.00050251,0.00050251,0.00050251,0.37236,0.00050251,0.00050251,0.00050251,0.00050251,0.00050251
0.00035971,0.036331,0.00035971,0.00035971,0.00035971,0.10827,0.00035971,0.021942,0.00035971,0.00035971,0.007554,0.00035971,0.029137,0.072302,0.67302,0.0039568,0.043525,0.00035971,0.00035971,0.00035971
0.00050761,0.020812,0.00050761,0.00050761,0.00050761,0.061421,0.00050761,0.46751,0.00050761,0.01066,0.020812,0.00050761,0.00050761,0.00050761,0.41168,0.00050761,0.00050761,0.00050761,0.00050761,0.00050761
0.03107,0.010494,0.0022634,0.00020576,0.014609,0.15041,0.00020576,0.055761,0.00020576,0.00020576,0.010494,0.00020576,0.00020576,0.098971,0.50844,0.00020576,0.00020576,0.00020576,0.11543,0.00020576
0.0027778,0.020455,0.0027778,0.16692,0.0078283,0.00025253,0.00025253,0.012879,0.00025253,0.00025253,0.00025253,0.00025253,0.00025253,0.65177,0.12399,0.00025253,0.0078283,0.00025253,0.00025253,0.00025253
0.09977,0.032575,2.0868e-05,2.0868e-05,2.0868e-05,2.0868e-05,0.0031511,0.0035684,0.0098289,2.0868e-05,2.0868e-05,0.0033598,0.7544,0.0098289,0.02068,0.027775,0.0081594,2.0868e-05,0.026732,2.0868e-05
0.019745,0.00063694,0.0070064,0.00063694,0.096178,0.00063694,0.0070064,0.38917,0.00063694,0.00063694,0.038854,0.07707,0.00063694,0.00063694,0.29363,0.064331,0.00063694,0.00063694,0.00063694,0.00063694
0.40591,0.0003937,0.0003937,0.0003937,0.024016,0.0043307,0.20118,0.17756,0.0003937,0.087008,0.0003937,0.0003937,0.0003937,0.0003937,0.027953,0.0003937,0.0003937,0.055512,0.0003937,0.012205
0.00033898,0.074915,0.010508,0.00033898,0.00033898,0.10203,0.00033898,0.034237,0.00033898,0.00033898,0.00033898,0.0037288,0.00033898,0.00033898,0.76983,0.00033898,0.00033898,0.00033898,0.00033898,0.00033898
0.0011628,0.0011628,0.0011628,0.0011628,0.0011628,0.012791,0.35,0.036047,0.0011628,0.0011628,0.0011628,0.0011628,0.0011628,0.0011628,0.0011628,0.0011628,0.58256,0.0011628,0.0011628,0.0011628
0.55072,0.053389,0.029779,0.0031226,7.6161e-05,0.002361,0.00083778,0.019878,0.0061691,7.6161e-05,7.6161e-05,0.05872,0.10823,7.6161e-05,0.048819,0.034349,0.082331,7.6161e-05,0.00083778,7.6161e-05
0.00074074,0.00074074,0.00074074,0.00074074,0.00074074,0.0081481,0.00074074,0.00074074,0.00074074,0.00074074,0.00074074,0.00074074,0.00074074,0.00074074,0.84519,0.00074074,0.13407,0.00074074,0.00074074,0.00074074
0.00029762,0.018155,0.0032738,0.00029762,0.00029762,0.065774,0.0032738,0.024107,0.00625,0.00029762,0.00029762,0.00029762,0.00029762,0.00029762,0.8753,0.00029762,0.00029762,0.00029762,0.00029762,0.00029762
0.0018868,0.0018868,0.0018868,0.0018868,0.0018868,0.0018868,0.0018868,0.96415,0.0018868,0.0018868,0.0018868,0.0018868,0.0018868,0.0018868,0.0018868,0.0018868,0.0018868,0.0018868,0.0018868,0.0018868
0.0020833,0.0020833,0.0020833,0.0020833,0.0020833,0.0020833,0.0020833,0.48125,0.0020833,0.0020833,0.0020833,0.0020833,0.0020833,0.0020833,0.0020833,0.0020833,0.48125,0.0020833,0.0020833,0.0020833
0.056364,0.0018182,0.0018182,0.0018182,0.02,0.0018182,0.0018182,0.20182,0.0018182,0.0018182,0.0018182,0.02,0.0018182,0.02,0.0018182,0.0018182,0.65636,0.0018182,0.0018182,0.0018182
0.020755,0.0018868,0.039623,0.0018868,0.0018868,0.020755,0.039623,0.28491,0.0018868,0.0018868,0.0018868,0.0018868,0.077358,0.0018868,0.24717,0.0018868,0.24717,0.0018868,0.0018868,0.0018868
0.002,0.002,0.002,0.002,0.002,0.002,0.042,0.382,0.002,0.002,0.002,0.002,0.162,0.002,0.002,0.002,0.382,0.002,0.002,0.002
0.0005814,0.0005814,0.0005814,0.0005814,0.012209,0.0005814,0.0005814,0.40174,0.0005814,0.0005814,0.0005814,0.0005814,0.0005814,0.0005814,0.57616,0.0005814,0.0005814,0.0005814,0.0005814,0.0005814
0.63651,0.024974,0.0081385,0.0023221,0.014813,0.077096,0.010938,0.027141,0.0051039,0.0067296,0.018932,0.04068,0.012438,0.022472,0.039389,0.019275,0.0020421,0.0049955,0.013973,0.01204
0.00030769,0.00030769,0.00030769,0.00030769,0.00030769,0.0033846,0.00030769,0.00030769,0.0033846,0.00030769,0.00030769,0.16031,0.0064615,0.0033846,0.80954,0.0064615,0.0033846,0.00030769,0.00030769,0.00030769
0.0014085,0.0014085,0.0014085,0.0014085,0.19859,0.015493,0.5507,0.029577,0.0014085,0.0014085,0.0014085,0.0014085,0.15634,0.015493,0.0014085,0.0014085,0.015493,0.0014085,0.0014085,0.0014085
0.0004717,0.2316,0.0004717,0.0004717,0.0004717,0.0004717,0.0004717,0.2033,0.0004717,0.0004717,0.26462,0.0004717,0.0004717,0.090094,0.17972,0.0004717,0.014623,0.0004717,0.0099057,0.0004717
0.0018182,0.0018182,0.0018182,0.0018182,0.074545,0.056364,0.71091,0.092727,0.0018182,0.02,0.0018182,0.0018182,0.02,0.0018182,0.0018182,0.0018182,0.0018182,0.0018182,0.0018182,0.0018182
0.00060976,0.00060976,0.00060976,0.00060976,0.00060976,0.092073,0.0067073,0.47622,0.00060976,0.00060976,0.043293,0.00060976,0.00060976,0.0067073,0.18963,0.00060976,0.00060976,0.00060976,0.17744,0.00060976
0.00057143,0.012,0.00057143,0.00057143,0.00057143,0.00057143,0.00057143,0.43486,0.00057143,0.00057143,0.0062857,0.00057143,0.00057143,0.063429,0.46343,0.00057143,0.00057143,0.00057143,0.00057143,0.012
0.11495,0.34343,4.445e-06,4.445e-06,0.088994,0.0018714,0.038632,0.012184,4.445e-06,0.0009379,0.004005,0.013651,0.092061,4.445e-06,0.066902,0.014406,4.445e-06,0.051922,0.15536,0.0006712
0.59591,0.096777,8.7108e-05,0.00095819,8.7108e-05,8.7108e-05,8.7108e-05,0.040157,8.7108e-05,8.7108e-05,8.7108e-05,0.040157,0.13946,8.7108e-05,0.00095819,0.014895,0.068902,0.00095819,8.7108e-05,8.7108e-05
0.012653,0.15551,0.00040816,0.0044898,0.033061,0.00040816,0.069796,0.0085714,0.00040816,0.012653,0.00040816,0.00040816,0.00040816,0.041224,0.22898,0.00040816,0.037143,0.00040816,0.00040816,0.39224
0.12483,0.021379,0.042069,0.014483,0.035172,0.00068966,0.00068966,0.64207,0.00068966,0.00068966,0.00068966,0.00068966,0.00068966,0.00068966,0.097241,0.00068966,0.0075862,0.0075862,0.00068966,0.00068966
0.3879,0.057258,0.00080645,0.00080645,0.00080645,0.00080645,0.00080645,0.00080645,0.00080645,0.00080645,0.00080645,0.097581,0.00080645,0.00080645,0.00080645,0.00080645,0.44435,0.00080645,0.00080645,0.00080645
0.0016129,0.0016129,0.0016129,0.0016129,0.0016129,0.0016129,0.1629,0.35645,0.0016129,0.0016129,0.0016129,0.017742,0.0016129,0.0016129,0.21129,0.0016129,0.22742,0.0016129,0.0016129,0.0016129
0.0017544,0.019298,0.019298,0.0017544,0.0017544,0.0017544,0.0017544,0.59825,0.0017544,0.10702,0.0017544,0.0017544,0.0017544,0.10702,0.089474,0.0017544,0.0017544,0.0017544,0.036842,0.0017544
0.0017544,0.019298,0.0017544,0.0017544,0.0017544,0.0017544,0.0017544,0.036842,0.0017544,0.0017544,0.0017544,0.0017544,0.0017544,0.0017544,0.14211,0.0017544,0.77368,0.0017544,0.0017544,0.0017544
0.0095652,0.00086957,0.00086957,0.00086957,0.00086957,0.00086957,0.43565,0.54,0.00086957,0.00086957,0.00086957,0.00086957,0.00086957,0.00086957,0.00086957,0.00086957,0.00086957,0.00086957,0.00086957,0.00086957
0.394,0.020667,0.00066667,0.00066667,0.00066667,0.00066667,0.26067,0.060667,0.00066667,0.00066667,0.00066667,0.00066667,0.027333,0.00066667,0.00066667,0.00066667,0.22733,0.00066667,0.00066667,0.00066667
0.00035211,0.00035211,0.00035211,0.00035211,0.00035211,0.00035211,0.84542,0.00035211,0.00035211,0.00035211,0.00035211,0.00035211,0.00035211,0.00035211,0.00035211,0.00035211,0.14824,0.00035211,0.00035211,0.00035211
0.00059524,0.00059524,0.00059524,0.00059524,0.00059524,0.018452,0.00059524,0.072024,0.00059524,0.00059524,0.00059524,0.00059524,0.00059524,0.030357,0.7744,0.00059524,0.095833,0.00059524,0.00059524,0.00059524
0.00026525,0.098408,0.00026525,0.00026525,0.00026525,0.0082228,0.032095,0.52016,0.00026525,0.00026525,0.00026525,0.00026525,0.00026525,0.00026525,0.33448,0.00026525,0.00026525,0.00026525,0.0029178,0.00026525
