0.0016949,0.0016949,0.78136,0.0016949,0.0016949,0.12034,0.086441,0.0016949,0.0016949,0.0016949
0.00028329,0.00028329,0.73116,0.00028329,0.005949,0.00028329,0.01728,0.24391,0.00028329,0.00028329
0.00046512,0.028372,0.96791,0.00046512,0.00046512,0.00046512,0.00046512,0.00046512,0.00046512,0.00046512
0.00033003,0.00033003,0.99373,0.0036304,0.00033003,0.00033003,0.00033003,0.00033003,0.00033003,0.00033003
0.35422,0.00032468,0.46461,0.013312,0.0068182,0.00032468,0.15617,0.00032468,0.0035714,0.00032468
0.0085165,0.019505,0.90962,0.014011,0.00027473,0.003022,0.0085165,0.030495,0.00027473,0.0057692
0.0020408,0.022449,0.85918,0.10408,0.0020408,0.0020408,0.0020408,0.0020408,0.0020408,0.0020408
0.065323,0.00080645,0.67016,0.19435,0.00080645,0.065323,0.00080645,0.00080645,0.00080645,0.00080645
0.005914,0.005914,0.96828,0.00053763,0.00053763,0.00053763,0.005914,0.00053763,0.01129,0.00053763
0.00084746,0.00084746,0.81441,0.00084746,0.00084746,0.00084746,0.17881,0.00084746,0.00084746,0.00084746
0.00093458,0.00093458,0.63645,0.34673,0.00093458,0.00093458,0.00093458,0.00093458,0.00093458,0.01028
0.00035461,0.00035461,0.48972,0.34787,0.025177,0.00035461,0.00035461,0.00035461,0.092553,0.042908
0.029583,0.075417,0.45042,0.16708,0.00041667,0.00041667,0.025417,0.00041667,0.25042,0.00041667
0.00041494,0.00041494,0.98382,0.00041494,0.00041494,0.00041494,0.00041494,0.00041494,0.012863,0.00041494
0.00071429,0.00071429,0.97929,0.00071429,0.00071429,0.00071429,0.00071429,0.015,0.00071429,0.00071429
0.0004717,0.0004717,0.39198,0.0004717,0.0004717,0.0004717,0.085377,0.0004717,0.0051887,0.51462
0.0003413,0.0003413,0.99693,0.0003413,0.0003413,0.0003413,0.0003413,0.0003413,0.0003413,0.0003413
0.00052632,0.00052632,0.98474,0.00052632,0.00052632,0.00052632,0.011053,0.00052632,0.00052632,0.00052632
0.00051282,0.00051282,0.72872,0.00051282,0.005641,0.010769,0.00051282,0.25179,0.00051282,0.00051282
0.00040161,0.00040161,0.99639,0.00040161,0.00040161,0.00040161,0.00040161,0.00040161,0.00040161,0.00040161
0.00055866,0.00055866,0.89441,0.00055866,0.00055866,0.00055866,0.00055866,0.045251,0.056425,0.00055866
0.00029851,0.0062687,0.90478,0.00029851,0.036119,0.00029851,0.00029851,0.00029851,0.051045,0.00029851
0.00045872,0.00045872,0.87202,0.00045872,0.060092,0.00045872,0.00045872,0.064679,0.00045872,0.00045872
0.33204,0.00055249,0.55856,0.00055249,0.00055249,0.00055249,0.1,0.00055249,0.0060773,0.00055249
0.00050761,0.00050761,0.72132,0.015736,0.066497,0.00050761,0.0055838,0.13756,0.051269,0.00050761
0.325,0.00053191,0.59628,0.021809,0.0058511,0.00053191,0.048404,0.00053191,0.00053191,0.00053191
6.6934e-05,0.0047523,0.55428,6.6934e-05,6.6934e-05,0.0014056,6.6934e-05,0.41908,6.6934e-05,0.020147
0.44346,0.00042194,0.55316,0.00042194,0.00042194,0.00042194,0.00042194,0.00042194,0.00042194,0.00042194
0.00047847,0.00047847,0.23971,0.69904,0.00047847,0.00047847,0.014833,0.043541,0.00047847,0.00047847
0.00084746,0.00084746,0.46695,0.5178,0.00084746,0.00084746,0.00084746,0.00084746,0.009322,0.00084746
0.00048309,0.00048309,0.98599,0.00048309,0.00048309,0.00048309,0.00048309,0.010145,0.00048309,0.00048309
0.00060241,0.00060241,0.51867,0.030723,0.00060241,0.00060241,0.18735,0.00060241,0.00060241,0.25964
0.00026247,0.00026247,0.4622,0.00026247,0.0028871,0.00026247,0.16824,0.00026247,0.00026247,0.36509
0.010333,0.00033333,0.98367,0.00033333,0.0036667,0.00033333,0.00033333,0.00033333,0.00033333,0.00033333
0.046286,0.00057143,0.88629,0.00057143,0.00057143,0.034857,0.00057143,0.00057143,0.029143,0.00057143
0.0093333,0.00044444,0.98711,0.00044444,0.00044444,0.00044444,0.00044444,0.00044444,0.00044444,0.00044444
0.27909,0.00030303,0.66697,0.00030303,0.018485,0.00030303,0.00030303,0.00030303,0.033636,0.00030303
0.00044643,0.0049107,0.99152,0.00044643,0.00044643,0.00044643,0.00044643,0.00044643,0.00044643,0.00044643
0.00018553,0.009462,0.93896,0.018738,0.00018553,0.00018553,0.02987,0.00018553,0.00018553,0.0020408
0.00076923,0.00076923,0.80077,0.00076923,0.00076923,0.00076923,0.17,0.023846,0.00076923,0.00076923
0.0008,0.0008,0.6248,0.3128,0.0088,0.0008,0.0088,0.0168,0.0248,0.0008
0.00040323,0.00040323,0.99234,0.0044355,0.00040323,0.00040323,0.00040323,0.00040323,0.00040323,0.00040323
0.035,0.0016667,0.95167,0.0016667,0.0016667,0.0016667,0.0016667,0.0016667,0.0016667,0.0016667
0.10749,0.037968,0.77059,0.00053476,0.0058824,0.01123,0.064706,0.00053476,0.00053476,0.00053476
0.24264,0.049387,0.58006,0.11994,0.0033742,0.00030675,0.00030675,0.00030675,0.00030675,0.0033742
0.00034247,0.0037671,0.9113,0.00034247,0.00034247,0.00034247,0.082534,0.00034247,0.00034247,0.00034247
0.002,0.002,0.782,0.002,0.002,0.002,0.002,0.002,0.202,0.002
0.0005,0.0005,0.8255,0.0205,0.0055,0.0855,0.0605,0.0005,0.0005,0.0005
0.00071429,0.0078571,0.75786,0.215,0.00071429,0.00071429,0.015,0.00071429,0.00071429,0.00071429
0.062371,0.00051546,0.9232,0.0056701,0.00051546,0.00051546,0.00051546,0.00051546,0.00051546,0.0056701
0.032105,0.00052632,0.96368,0.00052632,0.00052632,0.00052632,0.00052632,0.00052632,0.00052632,0.00052632
0.3693,0.00028169,0.2369,0.30451,0.00028169,0.087606,0.00028169,0.00028169,0.00028169,0.00028169
0.00011834,0.00011834,0.8013,0.098343,0.0072189,0.016686,0.00011834,0.075858,0.00011834,0.00011834
0.00061728,0.29691,0.47593,0.025309,0.00061728,0.00061728,0.19815,0.00061728,0.00061728,0.00061728
0.11265,0.00017575,0.46239,0.00017575,0.00017575,0.00017575,0.00017575,0.2181,0.00017575,0.2058
0.00038023,0.011787,0.97757,0.00038023,0.00038023,0.00038023,0.0079848,0.00038023,0.00038023,0.00038023
0.0085714,0.00040816,0.85755,0.00040816,0.00040816,0.00040816,0.13102,0.00040816,0.00040816,0.00040816
0.32521,0.00042735,0.57735,0.00042735,0.00042735,0.00042735,0.00042735,0.094444,0.00042735,0.00042735
0.27018,0.00025707,0.54267,0.0053985,0.13907,0.00025707,0.01054,0.0028278,0.015681,0.013111
0.00051546,0.031443,0.96443,0.00051546,0.00051546,0.00051546,0.00051546,0.00051546,0.00051546,0.00051546
0.012551,0.0022634,0.93025,0.00020576,0.00020576,0.00020576,0.053704,0.00020576,0.00020576,0.00020576
0.016667,0.0004065,0.79309,0.012602,0.016667,0.0004065,0.15894,0.0004065,0.0004065,0.0004065
0.00044843,0.00044843,0.88834,0.00044843,0.00044843,0.00044843,0.00044843,0.10807,0.00044843,0.00044843
0.08634,0.00013263,0.63011,0.00013263,0.058488,0.00013263,0.22427,0.00013263,0.00013263,0.00013263
0.011524,0.030112,0.87398,0.074721,0.00037175,0.00037175,0.00037175,0.0078067,0.00037175,0.00037175
0.13498,0.063229,0.51166,0.00044843,0.26951,0.00044843,0.018386,0.00044843,0.00044843,0.00044843
0.018894,0.00046083,0.9682,0.00046083,0.00046083,0.00046083,0.00046083,0.0096774,0.00046083,0.00046083
0.0001642,0.0001642,0.89836,0.0001642,0.0001642,0.0001642,0.075698,0.0001642,0.0001642,0.024795
0.00061728,0.012963,0.79691,0.00061728,0.0067901,0.00061728,0.17963,0.00061728,0.00061728,0.00061728
0.0006135,0.0006135,0.92086,0.0006135,0.0006135,0.0006135,0.074233,0.0006135,0.0006135,0.0006135
0.00011696,0.0012865,0.96503,0.0012865,0.012982,0.00011696,0.01883,0.00011696,0.00011696,0.00011696
0.079661,0.00056497,0.84237,0.00056497,0.074011,0.00056497,0.00056497,0.00056497,0.00056497,0.00056497
0.00016474,0.00016474,0.83213,0.00016474,0.00016474,0.011697,0.15502,0.00016474,0.00016474,0.00016474
0.00037453,0.00037453,0.7382,0.00037453,0.00037453,0.00037453,0.015356,0.24382,0.00037453,0.00037453
0.00086957,0.00086957,0.62696,0.36609,0.00086957,0.00086957,0.00086957,0.00086957,0.00086957,0.00086957
0.00045249,0.00045249,0.42127,0.023077,0.0095023,0.00045249,0.281,0.00045249,0.00045249,0.2629
0.0012195,0.0012195,0.58659,0.3061,0.0012195,0.0012195,0.086585,0.0012195,0.0012195,0.013415
0.0021277,0.0021277,0.81064,0.17234,0.0021277,0.0021277,0.0021277,0.0021277,0.0021277,0.0021277
0.0014706,0.030882,0.81029,0.030882,0.0014706,0.0014706,0.0014706,0.11912,0.0014706,0.0014706
0.042342,0.066366,0.703,0.0003003,0.09039,0.0003003,0.078378,0.0003003,0.018318,0.0003003
0.0011628,0.024419,0.52442,0.0011628,0.0011628,0.17558,0.0011628,0.25698,0.012791,0.0011628
0.00022831,0.00022831,0.99566,0.00022831,0.0025114,0.00022831,0.00022831,0.00022831,0.00022831,0.00022831
0.018644,0.0016949,0.95085,0.0016949,0.0016949,0.0016949,0.018644,0.0016949,0.0016949,0.0016949
0.00098039,0.00098039,0.63824,0.3049,0.00098039,0.00098039,0.00098039,0.00098039,0.05,0.00098039
0.0017857,0.0017857,0.98393,0.0017857,0.0017857,0.0017857,0.0017857,0.0017857,0.0017857,0.0017857
0.00051546,0.00051546,0.9799,0.00051546,0.00051546,0.00051546,0.00051546,0.00051546,0.015979,0.00051546
0.00089286,0.00089286,0.57232,0.41161,0.00089286,0.00089286,0.00089286,0.00089286,0.0098214,0.00089286
0.00024814,0.00024814,0.8737,0.0027295,0.047395,0.030025,0.044913,0.00024814,0.00024814,0.00024814
0.12774,0.00022371,0.64228,0.00022371,0.036018,0.00022371,0.00022371,0.19262,0.00022371,0.00022371
0.00086207,0.00086207,0.7681,0.00086207,0.00086207,0.00086207,0.225,0.00086207,0.00086207,0.00086207
0.13025,0.00061728,0.6179,0.14877,0.00061728,0.099383,0.00061728,0.00061728,0.00061728,0.00061728
0.01888,0.0043568,0.91929,0.00020747,0.041701,0.01473,0.00020747,0.00020747,0.00020747,0.00020747
0.00061728,0.00061728,0.4821,0.012963,0.00061728,0.00061728,0.46358,0.00061728,0.00061728,0.037654
0.00051813,0.00051813,0.62746,0.00051813,0.0056995,0.00051813,0.00051813,0.35285,0.00051813,0.010881
0.00062893,0.00062893,0.51006,0.47233,0.0069182,0.00062893,0.00062893,0.0069182,0.00062893,0.00062893
0.00082645,0.00082645,0.55455,0.26529,0.00082645,0.17438,0.00082645,0.00082645,0.00082645,0.00082645
0.014944,0.042412,0.0093575,0.10666,4.6555e-05,4.6555e-05,0.00097765,0.79055,0.032169,0.0028399
0.022585,4.5998e-05,0.37539,0.00096596,0.43151,4.5998e-05,4.5998e-05,0.16932,4.5998e-05,4.5998e-05
0.019643,0.0017857,0.96607,0.0017857,0.0017857,0.0017857,0.0017857,0.0017857,0.0017857,0.0017857
0.0021739,0.00019763,0.72945,0.00019763,0.00019763,0.00019763,0.065415,0.20178,0.00019763,0.00019763
0.00086207,0.00086207,0.66466,0.31983,0.00086207,0.00086207,0.00086207,0.00086207,0.0094828,0.00086207
0.00040984,0.00040984,0.96762,0.00040984,0.00040984,0.00040984,0.00040984,0.029098,0.00040984,0.00040984
0.00037453,0.00037453,0.9779,0.0041199,0.00037453,0.00037453,0.00037453,0.00037453,0.015356,0.00037453
0.00029326,0.038416,0.95924,0.00029326,0.00029326,0.00029326,0.00029326,0.00029326,0.00029326,0.00029326
0.00075188,0.00075188,0.52707,0.4594,0.00075188,0.00075188,0.00075188,0.00075188,0.0082707,0.00075188
0.1,0.00024938,0.86309,0.035162,0.00024938,0.00024938,0.00024938,0.00024938,0.00024938,0.00024938
0.00037313,0.00037313,0.81754,0.0041045,0.033955,0.00037313,0.14216,0.00037313,0.00037313,0.00037313
0.00035842,0.043369,0.84624,0.00035842,0.00035842,0.00035842,0.093548,0.0075269,0.0075269,0.00035842
0.019068,0.00014556,0.59258,0.25342,0.005968,0.00014556,0.056914,0.064192,0.0074236,0.00014556
0.00089286,0.00089286,0.80446,0.0098214,0.00089286,0.00089286,0.00089286,0.17946,0.00089286,0.00089286
0.028371,0.0002809,0.96657,0.0002809,0.0002809,0.0002809,0.0030899,0.0002809,0.0002809,0.0002809
0.31486,0.00057143,0.59486,0.012,0.00057143,0.00057143,0.012,0.012,0.052,0.00057143
0.00069444,0.00069444,0.58403,0.30625,0.035417,0.00069444,0.00069444,0.063194,0.00069444,0.0076389
0.00051813,0.00051813,0.99534,0.00051813,0.00051813,0.00051813,0.00051813,0.00051813,0.00051813,0.00051813
0.044262,0.011475,0.75464,0.00054645,0.00054645,0.00054645,0.00054645,0.00054645,0.00054645,0.18634
0.0009434,0.0009434,0.56698,0.3783,0.0009434,0.0009434,0.0009434,0.0009434,0.048113,0.0009434
0.0507,0.081513,0.78459,0.00028011,0.078711,0.00028011,0.0030812,0.00028011,0.00028011,0.00028011
0.023106,0.00037879,0.81477,0.00037879,0.0875,0.00037879,0.00037879,0.072348,0.00037879,0.00037879
0.21415,0.0066038,0.77704,0.00031447,0.00031447,0.00031447,0.00031447,0.00031447,0.00031447,0.00031447
0.0011236,0.0011236,0.98989,0.0011236,0.0011236,0.0011236,0.0011236,0.0011236,0.0011236,0.0011236
0.00032787,0.00032787,0.94787,0.04623,0.0036066,0.00032787,0.00032787,0.00032787,0.00032787,0.00032787
0.015049,0.00048544,0.98107,0.00048544,0.00048544,0.00048544,0.00048544,0.00048544,0.00048544,0.00048544
0.0018868,0.0018868,0.68113,0.077358,0.0018868,0.0018868,0.0018868,0.020755,0.0018868,0.20943
0.00034722,0.00034722,0.87187,0.00034722,0.0072917,0.0072917,0.014236,0.094097,0.00034722,0.0038194
0.0005102,0.0005102,0.4852,0.0005102,0.0005102,0.031122,0.24541,0.0005102,0.0056122,0.2301
0.0076355,0.00024631,0.80567,0.0051724,0.00024631,0.00024631,0.00024631,0.18005,0.00024631,0.00024631
0.00082645,0.00082645,0.91818,0.0090909,0.00082645,0.00082645,0.050413,0.00082645,0.017355,0.00082645
0.00024938,0.00024938,0.75835,0.00024938,0.00024938,0.0052369,0.085037,0.14489,0.00024938,0.0052369
0.0049051,0.00015823,0.8087,0.015981,0.00015823,0.00015823,0.061867,0.10775,0.00015823,0.00015823
0.00049751,0.00049751,0.93582,0.030348,0.00049751,0.00049751,0.00049751,0.015423,0.00049751,0.015423
0.0096491,0.035965,0.93947,0.0096491,0.00087719,0.00087719,0.00087719,0.00087719,0.00087719,0.00087719
0.00083333,0.00083333,0.43417,0.5425,0.00083333,0.00083333,0.00083333,0.00083333,0.0175,0.00083333
0.088693,0.0074205,0.57279,0.00035336,0.0074205,0.00035336,0.31484,0.00035336,0.0074205,0.00035336
0.00045662,0.00045662,0.50274,0.00045662,0.00045662,0.00045662,0.11461,0.37945,0.00045662,0.00045662
0.41746,0.00018382,0.41195,0.018566,0.00018382,0.00018382,0.00018382,0.15092,0.00018382,0.00018382
0.00045662,0.00045662,0.42511,0.0050228,0.00045662,0.00045662,0.009589,0.55753,0.00045662,0.00045662
0.0002584,0.0002584,0.83488,0.0002584,0.0002584,0.0002584,0.16305,0.0002584,0.0002584,0.0002584
0.39203,0.00072464,0.50797,0.007971,0.00072464,0.00072464,0.073188,0.00072464,0.015217,0.00072464
0.32989,0.00021978,0.65077,0.00021978,0.00021978,0.00021978,0.017802,0.00021978,0.00021978,0.00021978
0.00056818,0.040341,0.37557,0.00625,0.00056818,0.00056818,0.00056818,0.00056818,0.00056818,0.57443
0.00033003,0.0036304,0.99043,0.00033003,0.00033003,0.00033003,0.00033003,0.00033003,0.0036304,0.00033003
0.0014493,0.0014493,0.65362,0.044928,0.0014493,0.0014493,0.0014493,0.2913,0.0014493,0.0014493
0.00082645,0.00082645,0.71983,0.24876,0.00082645,0.00082645,0.00082645,0.00082645,0.02562,0.00082645
0.0013889,0.0013889,0.6125,0.0013889,0.0013889,0.0013889,0.15417,0.0013889,0.22361,0.0013889
0.00086957,0.62696,0.36609,0.00086957,0.00086957,0.00086957,0.00086957,0.00086957,0.00086957,0.00086957
0.00027397,0.027671,0.071507,0.33178,0.0030137,0.3537,0.00027397,0.033151,0.00027397,0.17836
0.0018868,0.0018868,0.56792,0.39811,0.0018868,0.0018868,0.0018868,0.0018868,0.020755,0.0018868
0.15886,0.00063291,0.58924,0.15886,0.00063291,0.089241,0.00063291,0.00063291,0.00063291,0.00063291
0.00095238,0.00095238,0.71524,0.26762,0.00095238,0.00095238,0.00095238,0.00095238,0.010476,0.00095238
0.054362,0.00067114,0.58456,0.0073826,0.00067114,0.00067114,0.34966,0.00067114,0.00067114,0.00067114
0.00037879,0.060985,0.38674,0.030682,0.00037879,0.00037879,0.00037879,0.03447,0.00037879,0.48523
0.24248,0.0071895,0.47778,0.17712,0.00065359,0.00065359,0.00065359,0.052941,0.00065359,0.039869
0.00048544,0.00048544,0.93738,0.0053398,0.049029,0.00048544,0.0053398,0.00048544,0.00048544,0.00048544
0.00048309,0.005314,0.4401,0.010145,0.00048309,0.00048309,0.00048309,0.077778,0.00048309,0.46425
0.00037594,0.00037594,0.8688,0.00037594,0.00037594,0.00037594,0.09812,0.030451,0.00037594,0.00037594
0.00062893,0.00062893,0.95031,0.00062893,0.00062893,0.0069182,0.025786,0.013208,0.00062893,0.00062893
0.00055556,0.00055556,0.98944,0.00055556,0.00055556,0.00055556,0.0061111,0.00055556,0.00055556,0.00055556
0.00034483,0.00034483,0.97966,0.00034483,0.00034483,0.00034483,0.00034483,0.017586,0.00034483,0.00034483
0.00053191,0.0058511,0.9633,0.00053191,0.00053191,0.00053191,0.027128,0.00053191,0.00053191,0.00053191
0.0008,0.0008,0.6088,0.3688,0.0008,0.0008,0.0008,0.0008,0.0168,0.0008
0.23788,0.0055556,0.74798,0.00050505,0.00050505,0.0055556,0.00050505,0.00050505,0.00050505,0.00050505
0.00036101,0.00036101,0.83791,0.00036101,0.011191,0.00036101,0.11588,0.00036101,0.0075812,0.025632
0.0005102,0.0005102,0.9801,0.0005102,0.0005102,0.0005102,0.0005102,0.0005102,0.0005102,0.015816
0.064124,0.00020619,0.58784,0.002268,0.00020619,0.00020619,0.14247,0.074433,0.00020619,0.12804
0.0027848,0.31671,0.16734,0.035696,0.00025316,0.00025316,0.45595,0.01038,0.00025316,0.01038
0.026111,0.012753,0.0048215,0.13841,0.0023168,2.0872e-05,0.0096222,0.70154,0.059507,0.044897
0.077564,0.00064103,0.64167,0.00064103,0.00064103,0.27628,0.00064103,0.00064103,0.00064103,0.00064103
0.19012,0.00039526,0.1585,0.34032,0.00039526,0.00039526,0.00039526,0.16245,0.14664,0.00039526
0.00034014,0.010544,0.98333,0.00034014,0.00034014,0.00034014,0.00034014,0.0037415,0.00034014,0.00034014
0.0011765,0.0011765,0.82471,0.0011765,0.0011765,0.0011765,0.0011765,0.0011765,0.16588,0.0011765
0.33316,0.003125,0.016082,0.3545,0.0016006,7.622e-05,0.0038872,0.22111,0.066387,7.622e-05
0.00074627,0.00074627,0.97836,0.015672,0.00074627,0.00074627,0.00074627,0.00074627,0.00074627,0.00074627
0.00029851,0.00029851,0.98239,0.00029851,0.0062687,0.00029851,0.00029851,0.0092537,0.00029851,0.00029851
0.0019231,0.0019231,0.94423,0.040385,0.0019231,0.0019231,0.0019231,0.0019231,0.0019231,0.0019231
0.0021277,0.23617,0.68298,0.0021277,0.0021277,0.0021277,0.065957,0.0021277,0.0021277,0.0021277
0.075926,0.0018519,0.59444,0.0018519,0.0018519,0.0018519,0.0018519,0.13148,0.18704,0.0018519
0.078846,0.0019231,0.59808,0.098077,0.0019231,0.0019231,0.0019231,0.0019231,0.21346,0.0019231
0.0020408,0.0020408,0.67551,0.0020408,0.0020408,0.0020408,0.0020408,0.18571,0.12449,0.0020408
0.0005848,0.0005848,0.98889,0.0005848,0.0005848,0.0005848,0.0064327,0.0005848,0.0005848,0.0005848
0.54168,0.011616,0.023935,0.18514,0.010062,0.030953,0.054671,0.10114,0.021199,0.019609
0.00030864,0.00030864,0.58056,0.00030864,0.00030864,0.00030864,0.028086,0.3892,0.00030864,0.00030864
0.0014286,0.0014286,0.94429,0.0014286,0.0014286,0.0014286,0.015714,0.0014286,0.03,0.0014286
0.46967,0.00047393,0.37962,0.024171,0.090521,0.00047393,0.00047393,0.014692,0.019431,0.00047393
0.0018519,0.0018519,0.70556,0.20556,0.0018519,0.0018519,0.0018519,0.0018519,0.075926,0.0018519
0.0006135,0.0006135,0.81043,0.0006135,0.0006135,0.0006135,0.0006135,0.0006135,0.0006135,0.18466
0.11552,0.046552,0.80517,0.00057471,0.012069,0.00057471,0.012069,0.0063218,0.00057471,0.00057471
0.4391,0.00036006,0.16061,0.13421,0.0018714,0.14412,0.02961,0.045613,0.042501,0.0020048
0.34969,0.043679,0.0079337,0.38718,0.0044464,0.026242,8.7184e-05,0.15266,0.027986,8.7184e-05
0.016803,0.00040984,0.2627,0.00040984,0.078279,0.00040984,0.17254,0.45123,0.016803,0.00040984
0.00069444,0.00069444,0.48681,0.00069444,0.00069444,0.00069444,0.00069444,0.34097,0.16736,0.00069444
0.12276,0.00081301,0.22846,0.00081301,0.00081301,0.049593,0.00081301,0.32602,0.26911,0.00081301
0.0016393,0.0016393,0.69016,0.0016393,0.018033,0.0016393,0.0016393,0.13279,0.14918,0.0016393
0.0017857,0.019643,0.50179,0.1625,0.0017857,0.0017857,0.0017857,0.091071,0.21607,0.0017857
0.0017857,0.0017857,0.48393,0.0017857,0.0017857,0.0017857,0.0017857,0.34107,0.1625,0.0017857
0.0096491,0.00087719,0.59737,0.37807,0.0096491,0.00087719,0.00087719,0.00087719,0.00087719,0.00087719
0.00067114,0.04094,0.26242,0.29597,0.00067114,0.04094,0.00067114,0.1953,0.16174,0.00067114
0.00035336,0.00035336,0.10283,0.89435,0.00035336,0.00035336,0.00035336,0.00035336,0.00035336,0.00035336
0.0005988,0.0005988,0.99461,0.0005988,0.0005988,0.0005988,0.0005988,0.0005988,0.0005988,0.0005988
0.00026596,0.00026596,0.94441,0.045479,0.00026596,0.00026596,0.00026596,0.00026596,0.00026596,0.0082447
0.007483,0.00068027,0.73537,0.00068027,0.00068027,0.00068027,0.23197,0.00068027,0.021088,0.00068027
0.0018519,0.0018519,0.9463,0.0018519,0.02037,0.0018519,0.0018519,0.0018519,0.0018519,0.02037
0.00041377,0.053328,1.289e-06,0.028566,0.0026309,0.01351,0.004023,0.011177,0.023616,0.86273
0.0097689,0.14269,0.0041991,0.0082902,0.0029657,0.16098,0.057054,0.61092,7.6613e-07,0.0031266
1.6168e-05,0.0040582,0.016508,0.30252,0.0066451,0.63882,0.0084236,1.6168e-05,0.00082458,0.022167
1.5442e-05,0.46512,1.5442e-05,0.21635,1.5442e-05,0.16478,1.5442e-05,1.5442e-05,0.093592,0.060083
0.2644,0.0004,0.1244,0.0004,0.0364,0.3244,0.0324,0.0004,0.2084,0.0084
0.012538,0.17768,0.63333,0.00030581,0.030887,0.0737,0.00030581,0.070642,0.00030581,0.00030581
0.78339,0.00015823,0.084019,0.00015823,0.012816,0.0049051,0.10459,0.00015823,0.00015823,0.0096519
0.0011494,0.0011494,0.96667,0.0011494,0.0011494,0.0011494,0.0011494,0.024138,0.0011494,0.0011494
0.00014903,0.00014903,0.13577,0.05231,0.21624,0.54411,0.026975,0.00014903,0.023994,0.00014903
4.9174e-06,4.9174e-06,0.0073318,0.00015244,0.023707,0.0012343,4.9174e-06,0.014019,0.95285,0.00069335
0.0010638,0.0010638,0.99043,0.0010638,0.0010638,0.0010638,0.0010638,0.0010638,0.0010638,0.0010638
0.0012346,0.0012346,0.19877,0.0012346,0.0012346,0.0012346,0.13704,0.0012346,0.65556,0.0012346
0.33478,0.015942,0.39275,0.16087,0.0014493,0.0014493,0.073913,0.0014493,0.015942,0.0014493
0.092049,0.00030581,0.11957,0.23578,0.00030581,0.00030581,0.37034,0.0737,0.098165,0.0094801
0.13059,0.0079763,0.0073171,0.34812,0.16684,0.19914,0.044232,0.093672,6.592e-05,0.0020435
0.53901,0.00016529,0.33901,0.00016529,0.00016529,0.067934,0.00016529,0.00016529,0.053058,0.00016529
0.060714,0.0011905,0.38214,0.013095,0.0011905,0.0011905,0.0011905,0.0011905,0.5369,0.0011905
0.019029,0.019029,0.060882,0.017913,0.050279,0.2149,0.49782,0.09269,0.0274,5.5804e-05
0.0026316,0.055263,0.81842,0.028947,0.0026316,0.0026316,0.028947,0.0026316,0.055263,0.0026316
6.5488e-05,6.5488e-05,0.017092,0.34126,6.5488e-05,0.64119,6.5488e-05,6.5488e-05,6.5488e-05,6.5488e-05
0.41467,0.0013333,0.36133,0.0013333,0.028,0.0013333,0.0013333,0.0013333,0.188,0.0013333
0.073323,0.00015244,0.00015244,0.073323,0.04436,0.0032012,0.7654,0.00015244,0.039787,0.00015244
0.0005,0.1505,0.1255,0.0005,0.0205,0.0005,0.5305,0.0005,0.0005,0.1705
0.26605,0.09321,0.21049,0.00061728,0.074691,0.062346,0.14877,0.012963,0.13025,0.00061728
0.60448,0.010974,0.017156,0.071252,0.024884,0.24281,0.021793,0.00015456,0.0063369,0.00015456
0.27451,0.11699,0.58779,0.0054867,0.00017699,0.0019469,0.00017699,0.00017699,0.00017699,0.012566
0.18839,0.00089286,0.50089,0.00089286,0.036607,0.00089286,0.00089286,0.0098214,0.25982,0.00089286
0.0039007,0.00035461,0.085461,0.18121,0.078369,0.078369,0.1422,0.014539,0.4117,0.0039007
0.086343,0.0053826,4.4484e-05,0.02629,0.0125,0.020062,0.017838,0.034297,0.10013,0.69711
0.048696,0.69733,5.0145e-06,0.00025574,5.0145e-06,0.00010531,0.20876,0.038015,5.0145e-06,0.0068248
0.18813,0.038125,0.58188,0.088125,0.063125,0.013125,0.000625,0.000625,0.025625,0.000625
0.045995,0.38467,0.00022883,0.048284,0.00022883,0.00022883,0.44874,0.0048055,0.06659,0.00022883
0.35952,0.002381,0.57381,0.002381,0.002381,0.002381,0.002381,0.002381,0.05,0.002381
0.39206,0.051622,0.076006,0.011731,1.1837e-05,1.1837e-05,0.26457,0.081214,1.1837e-05,0.12276
0.13472,0.21721,0.088847,0.30854,4.2088e-05,0.0021465,0.090109,0.14188,4.2088e-05,0.016456
0.00034014,0.00034014,0.09898,0.45612,0.034354,0.29966,0.00034014,0.09898,0.010544,0.00034014
0.00030471,0.12524,0.00085873,0.010831,2.7701e-05,0.17177,0.0022438,0.059861,0.62884,2.7701e-05
2.2168e-05,0.25207,2.2168e-05,2.2168e-05,0.010885,0.020195,0.0017956,2.2168e-05,0.68723,0.027732
0.0011236,0.0011236,0.83258,0.0011236,0.0011236,0.0011236,0.0011236,0.0011236,0.0011236,0.15843
0.37014,0.10017,8.4104e-05,0.28772,0.14054,0.051388,0.0017662,0.027839,8.4104e-05,0.020269
0.39689,0.00016393,0.054262,0.49361,0.047705,0.00016393,0.005082,0.0018033,0.00016393,0.00016393
0.01583,0.64142,3.2498e-06,0.025449,3.2498e-06,0.0016607,0.29561,0.012645,3.2498e-06,0.0073803
0.1553,0.041602,0.0080103,0.19922,0.0002584,0.064858,0.3801,0.0002584,0.0002584,0.15013
0.0011905,0.0011905,0.98929,0.0011905,0.0011905,0.0011905,0.0011905,0.0011905,0.0011905,0.0011905
0.00024188,0.04067,1.1518e-05,0.21989,0.012912,0.66426,0.0047339,0.02132,0.035948,1.1518e-05
0.0016667,0.0016667,0.60167,0.018333,0.035,0.0016667,0.0016667,0.0016667,0.11833,0.21833
0.011948,0.23396,2.0925e-05,0.00043942,2.0925e-05,0.0052521,0.68991,0.010902,2.0925e-05,0.04752
0.0011628,0.0011628,0.98953,0.0011628,0.0011628,0.0011628,0.0011628,0.0011628,0.0011628,0.0011628
0.64806,0.018851,0.30599,0.00012484,0.00012484,0.00012484,0.023845,0.00012484,0.0026217,0.00012484
0.00013605,0.16476,0.10354,0.10762,0.0096599,0.038231,0.087211,0.45592,0.024626,0.0082993
0.00014184,0.00014184,0.00014184,0.00014184,0.00014184,0.1817,0.021418,0.65404,0.13489,0.007234
1.6472e-05,0.0031461,1.6472e-05,0.67602,0.046796,0.23523,1.6472e-05,1.6472e-05,0.022912,0.015829
0.81898,0.00028329,0.042776,0.00028329,0.00028329,0.011615,0.00028329,0.00028329,0.12493,0.00028329
0.00016367,0.00016367,0.093453,0.18183,0.00016367,0.29313,0.00016367,0.24239,0.18838,0.00016367
0.34025,0.0049708,0.31979,9.7466e-05,0.040058,0.23207,9.7466e-05,0.0030214,0.054678,0.0049708
0.46162,0.0003367,0.29663,0.0003367,0.0003367,0.11481,0.057576,0.0003367,0.040741,0.027273
0.0013158,0.0013158,0.94868,0.0013158,0.027632,0.0013158,0.0013158,0.0013158,0.014474,0.0013158
0.0001182,0.052128,0.0001182,0.27553,0.067494,0.052128,0.15496,0.19279,0.20461,0.0001182
6.1614e-05,0.26069,0.00067776,0.4788,0.00067776,6.1614e-05,0.013617,6.1614e-05,6.1614e-05,0.24529
0.057955,0.0011364,0.91023,0.0011364,0.0011364,0.0011364,0.0011364,0.0125,0.0011364,0.0125
2.9386e-05,0.018836,0.0006171,0.83282,0.061152,0.082016,0.0044373,2.9386e-05,2.9386e-05,2.9386e-05
0.0011765,0.0011765,0.98941,0.0011765,0.0011765,0.0011765,0.0011765,0.0011765,0.0011765,0.0011765
0.00051813,0.00051813,0.7829,0.15078,0.00051813,0.021244,0.00051813,0.00051813,0.041969,0.00051813
0.38241,0.00050251,0.49296,0.075879,0.00050251,0.025628,0.00050251,0.020603,0.00050251,0.00050251
0.2875,0.00073529,0.65515,0.00073529,0.00073529,0.022794,0.00073529,0.00073529,0.00073529,0.030147
0.17642,0.0080311,0.065026,0.093523,0.00025907,0.31114,0.015803,0.3215,0.0080311,0.00025907
5.6567e-06,0.13396,6.2224e-05,0.068,5.6567e-06,0.45413,0.010527,0.0040219,0.32544,0.0038522
0.00093458,0.00093458,0.28131,0.00093458,0.038318,0.66449,0.00093458,0.00093458,0.01028,0.00093458
0.0018868,0.0018868,0.096226,0.39811,0.0018868,0.0018868,0.0018868,0.0018868,0.49245,0.0018868
8.058e-05,8.058e-05,0.6971,0.19428,0.0089444,0.01942,0.013779,0.065351,0.00088638,8.058e-05
0.30898,0.037482,0.054355,0.18068,0.00033965,0.014474,0.0091049,0.36267,0.024663,0.0072422
6.25e-05,0.0006875,0.021938,0.10881,0.0013125,0.34194,0.031313,0.18131,0.073813,0.23881
0.013253,0.0012048,0.97711,0.0012048,0.0012048,0.0012048,0.0012048,0.0012048,0.0012048,0.0012048
0.20172,0.00057471,0.78218,0.0063218,0.0063218,0.00057471,0.00057471,0.00057471,0.00057471,0.00057471
0.037541,8.1433e-05,0.36002,0.032655,0.13282,0.35513,0.0065961,0.052199,0.019625,0.0033388
0.071974,7.3368e-05,0.59508,0.030888,0.0074101,0.027219,0.19523,0.069039,7.3368e-05,0.0030081
0.050377,0.037734,0.016935,0.030659,0.022004,0.073073,0.013981,0.71697,0.013495,0.024776
0.0011236,0.0011236,0.98989,0.0011236,0.0011236,0.0011236,0.0011236,0.0011236,0.0011236,0.0011236
0.57603,0.00068493,0.3363,0.00068493,0.00068493,0.00068493,0.00068493,0.0075342,0.076027,0.00068493
0.0015385,0.0015385,0.55538,0.37077,0.0015385,0.0015385,0.0015385,0.063077,0.0015385,0.0015385
0.001087,0.001087,0.99022,0.001087,0.001087,0.001087,0.001087,0.001087,0.001087,0.001087
0.0011236,0.0011236,0.98989,0.0011236,0.0011236,0.0011236,0.0011236,0.0011236,0.0011236,0.0011236
0.18701,0.00056497,0.74068,0.00056497,0.00056497,0.040113,0.00056497,0.00056497,0.028814,0.00056497
0.0011494,0.0011494,0.98966,0.0011494,0.0011494,0.0011494,0.0011494,0.0011494,0.0011494,0.0011494
0.00011136,0.0079065,0.081403,0.12149,0.00011136,0.22728,0.075835,0.4667,0.0023385,0.016815
0.80393,0.00035714,0.19321,0.00035714,0.00035714,0.00035714,0.00035714,0.00035714,0.00035714,0.00035714
0.34364,0.00042373,0.31822,0.00042373,0.00042373,0.21229,0.004661,0.00042373,0.11907,0.00042373
0.54103,0.00014347,0.15079,0.00014347,0.0073171,0.29857,0.00014347,0.0015782,0.00014347,0.00014347
0.023913,0.0021739,0.65435,0.0021739,0.0021739,0.30652,0.0021739,0.0021739,0.0021739,0.0021739
9.98e-05,0.029042,9.98e-05,0.028044,9.98e-05,9.98e-05,9.98e-05,0.19571,0.74461,0.0020958
0.0012821,0.0012821,0.98846,0.0012821,0.0012821,0.0012821,0.0012821,0.0012821,0.0012821,0.0012821
0.00043478,0.043913,0.00043478,0.58304,0.00043478,0.00043478,0.00043478,0.00043478,0.37,0.00043478
0.23721,5.1894e-05,0.11162,0.0067981,5.1894e-05,5.1894e-05,5.1894e-05,0.39289,5.1894e-05,0.25122
0.00020877,0.0064718,0.012735,0.056576,0.010647,0.58476,0.25699,0.01691,0.054489,0.00020877
0.51926,0.00074074,0.33407,0.00074074,0.0081481,0.00074074,0.00074074,0.00074074,0.13407,0.00074074
0.0010526,0.0010526,0.99053,0.0010526,0.0010526,0.0010526,0.0010526,0.0010526,0.0010526,0.0010526
0.0010989,0.0010989,0.99011,0.0010989,0.0010989,0.0010989,0.0010989,0.0010989,0.0010989,0.0010989
0.00034247,0.00034247,0.065411,0.44212,0.00034247,0.49007,0.00034247,0.00034247,0.00034247,0.00034247
5.0226e-05,0.23059,5.0226e-05,0.46012,0.0020593,0.0030638,0.016123,5.0226e-05,5.0226e-05,0.28785
0.021895,0.00010893,0.0022876,0.29641,0.10686,0.026253,0.25065,0.23105,0.06329,0.0011983
0.0007948,0.1547,7.2254e-05,0.12652,7.2254e-05,0.0015173,7.2254e-05,0.096171,0.62001,7.2254e-05
0.17717,0.00032154,0.15145,0.34116,0.074277,0.20932,0.0067524,0.038907,0.00032154,0.00032154
0.13665,0.079058,0.23613,0.00052356,0.00052356,0.01623,0.51361,0.00052356,0.00052356,0.01623
0.084258,0.00017889,0.87138,0.00017889,0.00017889,0.0019678,0.027013,0.00017889,0.01449,0.00017889
0.0011236,0.0011236,0.98989,0.0011236,0.0011236,0.0011236,0.0011236,0.0011236,0.0011236,0.0011236
0.016433,5.848e-05,0.62871,5.848e-05,0.062047,5.848e-05,5.848e-05,0.29246,5.848e-05,5.848e-05
0.0018295,0.0066546,2.0105e-05,0.12608,0.26259,0.090491,0.29596,0.18981,0.016707,0.0098713
0.92606,0.001455,0.00013228,0.00013228,0.00013228,0.02791,0.043783,0.00013228,0.00013228,0.00013228
0.0011364,0.0011364,0.98977,0.0011364,0.0011364,0.0011364,0.0011364,0.0011364,0.0011364,0.0011364
0.0011905,0.0011905,0.96548,0.0011905,0.0011905,0.0011905,0.025,0.0011905,0.0011905,0.0011905
0.00025381,0.066244,0.9165,0.007868,0.00025381,0.007868,0.00025381,0.00025381,0.00025381,0.00025381
0.77901,0.014692,0.0093236,0.0025233,0.10149,0.034019,0.0057445,0.00037581,1.7895e-05,0.05281
0.002799,0.00025445,0.002799,0.074046,0.00025445,0.018066,0.00025445,0.80178,0.035878,0.063868
0.059555,0.00018553,0.759,0.06141,0.00018553,0.076252,0.00018553,0.00018553,0.041002,0.0020408
0.12699,0.38715,0.09122,0.0001626,0.0001626,0.0001626,0.35951,0.0001626,0.034309,0.0001626
0.00010776,0.19192,0.037823,0.0033405,0.00010776,0.00010776,0.7167,0.0087284,0.034591,0.0065733
0.075292,0.020687,0.27384,0.041905,0.010823,0.036846,0.088388,0.44392,0.0058483,0.0024478
4.3403e-05,0.11376,0.037804,0.010026,4.3403e-05,0.44058,0.32513,0.072526,4.3403e-05,4.3403e-05
0.89312,0.018502,0.061315,0.00015291,0.001682,0.024618,0.00015291,0.00015291,0.00015291,0.00015291
0.00088496,0.00088496,0.15133,0.018584,0.00088496,0.062832,0.16018,0.00088496,0.60265,0.00088496
0.0002457,0.0002457,0.1059,0.0027027,0.0002457,0.25577,0.56536,0.0002457,0.069042,0.0002457
3.6179e-05,0.1737,3.6179e-05,3.6179e-05,3.6179e-05,0.014146,3.6179e-05,3.6179e-05,0.80069,0.011252
0.00038023,0.00038023,0.43004,0.49087,0.00038023,0.00038023,0.00038023,0.00038023,0.076426,0.00038023
0.00018382,0.18401,0.11232,0.00018382,0.00018382,0.00018382,0.38989,0.00018382,0.00018382,0.31268
0.011,0.001,0.401,0.181,0.001,0.321,0.001,0.001,0.081,0.001
0.0011236,0.0011236,0.97865,0.0011236,0.01236,0.0011236,0.0011236,0.0011236,0.0011236,0.0011236
0.28904,0.015068,0.33014,0.0013699,0.0013699,0.0013699,0.0013699,0.0013699,0.35753,0.0013699
0.34429,0.0014286,0.34429,0.0014286,0.0014286,0.0014286,0.0014286,0.0014286,0.30143,0.0014286
0.107,0.03897,0.046744,0.054519,0.29067,9.7182e-05,0.44422,9.7182e-05,9.7182e-05,0.01759
0.12065,0.001087,0.52283,0.001087,0.001087,0.001087,0.001087,0.011957,0.33804,0.001087
0.3924,0.0064327,0.5269,0.0005848,0.0005848,0.012281,0.059064,0.0005848,0.0005848,0.0005848
0.0010526,0.0010526,0.99053,0.0010526,0.0010526,0.0010526,0.0010526,0.0010526,0.0010526,0.0010526
0.13587,0.019141,0.0088503,0.0026757,0.037665,0.0017936,0.25407,0.37463,2.9403e-05,0.16527
0.24284,0.048017,0.0047643,0.0050571,0.1133,0.12545,0.0072526,0.43129,0.0078381,0.014205
0.3768,0.0008,0.6168,0.0008,0.0008,0.0008,0.0008,0.0008,0.0008,0.0008
0.0023256,0.0023256,0.53721,0.0023256,0.0023256,0.0023256,0.0023256,0.23488,0.21163,0.0023256
0.0080064,0.024886,2.281e-05,0.051118,0.058645,0.058417,0.0091469,0.5518,0.0023038,0.23565
0.33271,0.00026596,0.65718,0.00026596,0.00026596,0.0082447,0.00026596,0.00026596,0.00026596,0.00026596
0.0011364,0.0011364,0.98977,0.0011364,0.0011364,0.0011364,0.0011364,0.0011364,0.0011364,0.0011364
0.0023569,0.0068462,0.00011223,0.48272,0.18193,0.31212,0.00011223,0.010213,0.00011223,0.0034792
0.0014706,0.0014706,0.58971,0.0014706,0.0014706,0.0014706,0.16324,0.0014706,0.23676,0.0014706
0.00021053,0.00021053,0.065474,0.14337,0.012842,0.46547,0.17916,0.050737,0.065474,0.017053
0.011702,0.0010638,0.20319,0.35213,0.0010638,0.0010638,0.0010638,0.0010638,0.4266,0.0010638
0.16021,0.063368,0.46126,0.057053,0.00021053,0.00021053,0.0086316,0.156,0.059158,0.033895
0.20257,0.00036765,0.39375,0.00036765,0.00036765,0.00036765,0.059191,0.34228,0.00036765,0.00036765
0.019372,0.54372,0.00017171,1.561e-05,1.561e-05,0.00048392,0.40932,0.010787,1.561e-05,0.016094
0.0086879,0.69429,2.5478e-05,2.5478e-05,2.5478e-05,2.5478e-05,0.29506,0.0018089,2.5478e-05,2.5478e-05
0.0005618,0.0005618,0.22528,0.056742,0.25899,0.011798,0.045506,0.045506,0.0005618,0.35449
0.0004,0.0004,0.0004,0.3364,0.0004,0.3364,0.1844,0.0004,0.1364,0.0044
0.0011628,0.0011628,0.97791,0.0011628,0.012791,0.0011628,0.0011628,0.0011628,0.0011628,0.0011628
0.66022,0.00022222,0.33356,0.00022222,0.0046667,0.00022222,0.00022222,0.00022222,0.00022222,0.00022222
2.4504e-05,0.13921,0.038495,0.18184,0.00051458,0.10539,0.035065,0.27324,0.12181,0.10441
0.28128,0.081277,0.15787,0.00042553,0.089787,0.017447,0.28979,0.064255,0.017447,0.00042553
0.581,0.00015699,0.154,0.1697,0.092779,0.0017268,0.00015699,0.00015699,0.00015699,0.00015699
0.0011628,0.0011628,0.97791,0.0011628,0.0011628,0.0011628,0.0011628,0.012791,0.0011628,0.0011628
0.0013889,0.0013889,0.65417,0.16806,0.0013889,0.0013889,0.0013889,0.029167,0.098611,0.043056
0.0011628,0.0011628,0.98953,0.0011628,0.0011628,0.0011628,0.0011628,0.0011628,0.0011628,0.0011628
0.031694,8.7796e-05,0.55057,0.08964,0.18007,8.7796e-05,0.094908,0.052766,8.7796e-05,8.7796e-05
0.00036364,0.73491,0.14218,0.00036364,0.00036364,0.004,0.10582,0.004,0.00036364,0.0076364
0.00025316,0.017975,0.14456,0.020506,0.00025316,0.035696,0.01038,0.13949,0.16987,0.46101
0.00026247,0.15249,0.00026247,0.30997,0.00026247,0.00026247,0.20236,0.1315,0.20236,0.00026247
0.00032315,2.9377e-05,0.0088425,0.19598,0.19774,0.34316,0.15103,0.077879,0.011193,0.013837
0.0011905,0.0011905,0.98929,0.0011905,0.0011905,0.0011905,0.0011905,0.0011905,0.0011905,0.0011905
0.00025253,0.00025253,0.12146,0.74773,0.00025253,0.12146,0.0078283,0.00025253,0.00025253,0.00025253
0.55611,0.00055556,0.18389,0.00055556,0.00055556,0.033889,0.00055556,0.011667,0.21167,0.00055556
0.0079059,0.0018461,0.0031144,0.035386,0.009597,0.011006,0.043419,0.88389,0.0028326,0.0010006
3.3058e-05,3.3058e-05,3.3058e-05,0.36896,0.064826,0.55408,3.3058e-05,0.0096198,0.0010248,0.0013554
0.00018182,0.00018182,0.054727,0.00018182,0.44564,0.00018182,0.00018182,0.052909,0.072909,0.37291
0.082522,0.0026217,0.053808,0.34844,0.0201,0.04382,0.006367,0.32846,0.11373,0.00012484
0.005615,0.043048,0.053743,0.032353,0.00026738,0.067112,0.056417,0.36123,0.12326,0.25695
0.001087,0.001087,0.99022,0.001087,0.001087,0.001087,0.001087,0.001087,0.001087,0.001087
0.14425,0.0040318,0.025432,0.0017206,0.099649,0.47364,0.0086543,0.23404,0.00095018,0.0076271
0.11557,0.00010309,0.24443,0.47948,0.00010309,0.0083505,0.051649,0.1001,0.00010309,0.00010309
0.0011905,0.0011905,0.97738,0.0011905,0.0011905,0.013095,0.0011905,0.0011905,0.0011905,0.0011905
0.44573,0.00023697,0.54289,0.00023697,0.00023697,0.00023697,0.00023697,0.00023697,0.0097156,0.00023697
0.0011765,0.0011765,0.36588,0.012941,0.0011765,0.0011765,0.012941,0.0011765,0.60118,0.0011765
0.0010417,0.011458,0.63646,0.0010417,0.0010417,0.0010417,0.17813,0.16771,0.0010417,0.0010417
0.13142,0.08687,0.029426,0.18183,0.0012896,0.11735,0.41043,0.00011723,0.041149,0.00011723
0.0013333,0.0013333,0.988,0.0013333,0.0013333,0.0013333,0.0013333,0.0013333,0.0013333,0.0013333
0.15533,8.673e-05,0.34788,0.41032,0.0096271,8.673e-05,8.673e-05,0.074675,8.673e-05,0.0018213
0.35826,0.016045,0.0091151,0.30762,5.3305e-05,0.11999,0.012313,0.027772,0.089072,0.059755
0.012644,0.0011494,0.97816,0.0011494,0.0011494,0.0011494,0.0011494,0.0011494,0.0011494,0.0011494
0.48072,0.19066,0.0017803,0.0026487,0.0087277,0.072558,0.1086,0.028702,0.10165,0.0039514
0.55926,0.00011947,0.30478,0.00011947,0.0048984,0.057467,0.00011947,0.00011947,0.072999,0.00011947
0.36465,0.0010101,0.60707,0.0010101,0.0010101,0.0010101,0.021212,0.0010101,0.0010101,0.0010101
0.50322,0.00028083,2.553e-05,0.081976,0.0025785,0.03398,0.06385,0.31021,0.0035997,0.00028083
0.83486,0.0019287,0.099895,0.00031052,0.00022305,0.027864,4.3735e-06,4.8108e-05,0.034817,4.8108e-05
0.1951,4.4944e-05,0.014427,0.22701,4.4944e-05,0.0018427,4.4944e-05,0.56139,4.4944e-05,4.4944e-05
0.0001046,0.096339,0.28462,0.46036,0.0001046,0.027301,0.0001046,0.05659,0.074372,0.0001046
0.37763,0.00026954,0.29946,0.013747,0.00026954,0.18086,0.00026954,0.097305,0.029919,0.00026954
0.00081301,0.00081301,0.2935,0.24472,0.0089431,0.0089431,0.17154,0.24472,0.025203,0.00081301
0.00029706,0.25685,0.00029706,0.0075884,2.7005e-05,0.00083716,2.7005e-05,2.7005e-05,0.49395,0.2401
0.59759,0.033474,0.0051206,4.2319e-05,0.025857,4.2319e-05,0.038553,0.27427,0.0093525,0.0157
0.79468,0.00035461,0.18475,0.00035461,0.00035461,0.00035461,0.018085,0.00035461,0.00035461,0.00035461
4.6019e-05,0.041463,0.025357,0.0078693,0.0064887,0.1243,0.47911,0.28306,0.03226,4.6019e-05
8.7032e-06,0.031688,8.7032e-06,0.30314,0.32916,0.20915,0.06859,0.022028,0.0033159,0.032907
0.00088496,0.00088496,0.28407,0.00088496,0.00088496,0.00088496,0.00088496,0.0097345,0.00088496,0.7
0.68628,0.00036101,0.28195,0.00036101,0.025632,0.00036101,0.0039711,0.00036101,0.00036101,0.00036101
0.0062874,0.099102,0.17695,0.0002994,0.0002994,0.14102,0.33263,0.084132,0.15898,0.0002994
0.24574,0.00017736,0.026137,0.55935,0.00066108,0.0061432,0.012109,0.094179,0.041777,0.013721
0.20904,0.0031856,0.041731,0.048838,0.018069,0.019156,0.0056104,0.61765,0.023587,0.013135
0.33653,0.073394,0.0025436,0.14912,0.0012767,0.0012767,0.18069,0.07164,9.7456e-06,0.18352
0.3097,0.00060606,0.67939,0.00060606,0.00060606,0.0066667,0.00060606,0.00060606,0.00060606,0.00060606
0.49161,0.034272,0.030285,0.18141,0.0099151,0.033557,0.078164,0.099748,0.013133,0.027901
0.75006,0.01921,0.033888,0.077576,0.016367,0.047058,0.015787,0.011435,0.0060397,0.022575
0.84747,8.4317e-05,0.048145,8.4317e-05,0.051518,0.0026138,0.00092749,8.4317e-05,8.4317e-05,0.048988
0.0062857,0.14914,0.092,0.040571,0.029143,0.00057143,0.54343,0.034857,0.10343,0.00057143
0.81071,0.011697,0.11219,0.00016474,0.057825,0.00016474,0.00016474,0.0067545,0.00016474,0.00016474
0.00079365,0.0087302,0.21508,0.16746,0.00079365,0.00079365,0.4373,0.00079365,0.16746,0.00079365
0.43407,0.0002451,0.47328,0.0002451,0.0002451,0.073775,0.017402,0.0002451,0.0002451,0.0002451
0.014795,0.0039504,0.008598,0.42378,0.043455,0.13873,0.057397,0.18211,0.041131,0.086057
0.00044843,0.00044843,0.46682,0.33677,0.063229,0.00044843,0.013901,0.00044843,0.045291,0.072197
0.80034,0.00033898,0.19695,0.00033898,0.00033898,0.00033898,0.00033898,0.00033898,0.00033898,0.00033898
0.00055866,0.00055866,0.42514,0.32458,0.00055866,0.034078,0.017318,0.00055866,0.028492,0.16816
